points
569 574
71 584
160 221
54 461
247 587
258 478
201 368
116 190
503 299
479 151
134 446
177 90
89 558
405 370
330 287
309 50
311 518
570 174
370 557
132 12
genomes
1 4987.101563 10 5 16 8 13 7 2 11 19 1 6 3 12 4 17 14 18 0 15 9
2 4885.302734 14 15 17 0 9 2 6 12 3 7 11 19 13 1 10 8 5 4 18 16
3 4609.594238 14 15 17 0 1 10 9 2 6 12 3 7 19 11 8 13 5 4 18 16
4 4427.822266 9 2 7 11 19 1 6 3 12 4 13 15 10 16 18 5 0 8 14 17
5 4277.768066 14 9 17 0 1 10 15 2 6 12 3 7 11 19 8 13 5 4 18 16
6 3941.576416 14 9 17 0 15 2 6 12 1 10 3 7 11 19 8 13 5 4 18 16
8 3860.104492 9 13 7 11 19 2 15 6 10 4 5 16 18 1 12 3 0 8 14 17
9 3569.592529 9 13 14 7 11 19 2 15 6 10 4 5 16 18 1 12 3 0 8 17
11 3538.217285 9 13 7 11 19 2 15 6 10 5 16 3 1 12 4 18 0 14 8 17
12 3439.000244 9 13 7 11 19 2 14 6 10 5 16 3 1 12 4 18 0 8 17 15
13 3182.759521 9 13 7 11 19 2 14 6 10 3 1 12 4 5 16 18 0 8 17 15
14 3121.750244 2 7 11 19 13 14 6 10 5 16 3 1 12 4 18 0 8 17 9 15
16 3090.588135 13 7 11 19 2 14 6 10 3 1 12 4 5 16 18 0 8 17 9 15
17 3090.467041 2 7 11 19 15 14 6 16 4 10 3 1 12 5 18 0 8 17 9 13
18 3072.274414 13 2 11 19 7 14 6 10 3 1 12 4 5 16 18 0 8 17 9 15
19 2897.445801 11 7 2 19 13 14 6 10 3 1 12 4 5 16 18 0 8 17 9 15
20 2892.093018 7 2 11 19 13 14 6 10 3 1 12 4 5 16 18 0 8 17 9 15
22 2774.185303 11 7 2 19 14 6 10 3 1 12 4 5 16 18 0 13 8 17 9 15
30 2768.523682 11 7 2 19 14 6 10 3 12 1 4 5 16 18 0 13 8 17 9 15
32 2742.520020 11 19 2 7 14 6 10 3 1 12 4 5 16 18 0 13 8 9 17 15
33 2736.915283 11 7 19 2 14 6 10 3 12 1 4 5 16 18 0 13 8 17 9 15
34 2643.191650 11 19 2 7 14 6 10 3 1 12 4 5 16 18 0 13 8 17 9 15
35 2558.446777 11 19 7 2 14 6 10 3 1 12 4 5 16 18 0 13 8 17 9 15
42 2552.785156 11 19 7 2 14 6 10 3 12 1 4 5 16 18 0 13 8 17 9 15
48 2539.971436 19 11 7 2 14 6 10 3 1 12 4 5 16 18 0 13 8 17 9 15
68 2534.309814 19 11 7 2 14 6 10 3 12 1 4 5 16 18 0 13 8 17 9 15
73 2522.163330 8 17 9 15 19 11 7 2 6 10 3 1 12 4 5 16 18 0 13 14
78 2516.501465 19 11 7 2 6 10 3 12 1 4 5 16 18 0 13 14 8 17 9 15
96 2516.501221 6 10 3 12 1 4 5 16 18 0 13 14 8 17 9 15 19 11 7 2
fitnesses
4987.1
4885.3
4609.59
4427.82
4277.77
3941.58
3941.58
3860.1
3569.59
3569.59
3538.22
3439
3182.76
3121.75
3121.75
3090.59
3090.47
3072.27
2897.45
2892.09
2892.09
2774.19
2774.19
2774.19
2774.19
2774.19
2774.19
2774.19
2774.19
2768.52
2768.52
2742.52
2736.92
2643.19
2558.45
2558.45
2558.45
2558.45
2558.45
2558.45
2558.45
2552.79
2552.79
2552.79
2552.79
2552.79
2552.79
2539.97
2539.97
2539.97
2539.97
2539.97
2539.97
2539.97
2539.97
2539.97
2539.97
2539.97
2539.97
2539.97
2539.97
2539.97
2539.97
2539.97
2539.97
2539.97
2539.97
2534.31
2534.31
2534.31
2534.31
2534.31
2522.16
2522.16
2522.16
2522.16
2522.16
2516.5
2516.5
2516.5
2516.5
2516.5
2516.5
2516.5
2516.5
2516.5
2516.5
2516.5
2516.5
2516.5
2516.5
2516.5
2516.5
2516.5
2516.5
2516.5
2516.5
2516.5
2516.5
2516.5