points
292 114
195 361
77 191
387 173
527 337
231 467
162 189
94 356
385 75
212 97
133 446
151 243
286 268
339 68
83 463
56 278
121 240
466 300
177 34
330 548
39 532
240 54
403 243
470 458
419 385
563 44
498 155
395 135
537 544
443 547
347 211
364 41
310 346
425 167
324 88
384 118
233 180
419 363
435 422
499 19
genomes
1 9146.547852 21 18 30 8 26 32 14 17 12 5 22 11 33 20 4 38 31 35 39 28 24 13 3 36 2 6 1 9 27 7 15 10 16 19 29 37 23 25 34 0
2 8709.363281 24 4 23 28 29 3 36 9 19 5 32 0 7 11 38 17 21 12 34 18 27 33 35 20 14 30 26 22 6 1 16 13 2 15 39 25 8 10 31 37
3 8352.215820 38 4 23 28 29 3 36 9 19 5 32 15 7 11 24 17 21 12 34 18 27 33 35 20 14 30 26 22 6 1 16 13 2 0 39 25 8 10 31 37
4 8273.087891 24 38 4 23 28 29 3 36 9 19 5 32 15 7 11 17 21 12 34 18 27 33 35 20 14 30 26 22 6 1 16 13 2 0 39 25 8 10 31 37
5 8071.173828 24 4 23 28 29 3 36 6 9 19 5 32 0 7 11 38 17 21 12 34 18 27 33 35 20 14 30 26 22 10 1 2 15 39 25 16 13 8 31 37
6 7566.892578 38 4 23 28 29 3 36 9 19 5 32 15 7 11 24 17 21 12 34 18 27 33 35 26 22 6 1 16 13 2 0 39 25 10 20 14 30 31 8 37
7 7428.979004 38 4 23 28 29 3 36 9 11 5 32 15 7 19 24 17 21 12 34 18 27 33 35 26 22 6 1 16 13 2 0 39 25 10 20 14 30 31 8 37
8 7054.543945 38 4 23 28 29 3 36 9 11 5 32 15 7 19 24 17 21 12 34 18 27 33 35 26 22 6 1 16 2 13 0 39 25 10 20 14 30 31 8 37
9 6803.080078 38 4 23 28 29 3 36 9 11 5 32 15 7 19 24 17 21 12 34 18 27 33 35 26 22 6 16 2 13 0 39 25 10 20 14 1 30 31 8 37
10 6532.786621 38 4 23 28 29 3 36 9 11 5 32 15 7 19 24 17 30 12 34 18 27 33 35 26 22 6 16 2 13 0 39 25 10 20 14 1 21 31 8 37
11 6455.205566 38 4 23 28 29 3 36 9 11 5 32 15 7 19 24 17 30 13 34 18 27 33 35 26 22 6 16 2 12 0 39 25 10 20 14 1 21 31 8 37
13 6355.304688 38 4 23 28 29 3 36 9 11 5 32 15 7 19 24 17 30 13 34 18 10 20 14 1 27 33 35 26 22 6 16 2 12 0 39 25 21 31 8 37
14 6284.588379 38 4 23 28 29 3 36 9 11 16 2 12 5 32 15 7 19 24 17 30 13 34 18 10 20 14 1 27 33 35 26 22 6 0 39 25 21 31 8 37
16 6261.693848 38 4 23 28 29 3 36 9 11 16 2 12 5 32 15 7 19 24 17 30 13 10 20 14 1 27 33 35 26 22 6 0 39 25 34 18 21 31 8 37
17 6238.446289 38 4 23 28 29 3 36 9 11 16 2 12 5 32 15 7 19 24 17 30 33 35 26 22 6 0 39 25 34 18 21 13 10 20 14 1 27 31 8 37
18 6228.104980 38 23 28 29 3 36 9 11 16 2 12 5 32 15 7 19 24 17 30 13 10 20 14 1 27 33 35 26 22 6 0 39 25 34 18 21 31 8 37 4
19 6168.042969 38 4 23 28 29 3 36 9 11 16 2 12 5 32 15 7 19 24 17 30 13 10 20 14 1 27 33 39 25 34 18 21 31 8 35 26 22 6 0 37
20 6090.696289 38 4 23 28 29 3 36 9 11 16 2 12 5 32 15 7 19 24 17 30 33 35 26 22 6 0 39 25 34 13 21 18 10 20 14 1 27 31 8 37
21 6000.770508 38 4 23 28 29 12 5 32 15 7 19 24 17 30 33 35 26 22 6 0 39 25 34 13 21 18 10 20 14 1 27 31 8 3 36 9 11 16 2 37
23 5995.685059 38 4 23 28 29 3 36 9 11 16 2 5 32 15 7 19 24 17 30 33 35 26 22 6 0 39 25 31 34 13 21 18 12 10 20 14 1 27 8 37
24 5957.676270 38 4 23 28 29 3 36 12 10 20 14 1 9 11 16 2 5 32 15 7 19 24 17 30 33 35 26 22 6 0 39 25 31 34 13 21 18 27 8 37
25 5936.487305 38 4 23 28 29 3 36 12 10 20 14 1 9 11 16 2 5 32 15 7 19 24 17 30 27 8 33 35 26 22 6 0 39 25 31 34 13 21 18 37
27 5890.964844 38 4 23 28 29 12 5 32 15 7 19 24 17 30 33 35 26 22 36 9 0 39 25 34 13 21 18 10 20 14 1 27 31 8 3 11 6 16 2 37
28 5874.341309 38 4 23 28 29 12 5 32 15 7 19 24 17 30 33 35 26 22 36 9 0 39 25 34 13 31 21 18 10 20 14 1 27 8 3 11 6 16 2 37
29 5478.736816 38 4 23 28 29 12 5 32 15 7 19 24 17 30 33 35 8 3 26 22 36 9 0 27 31 39 25 34 13 21 18 10 20 14 1 11 6 16 2 37
30 5437.893555 38 4 23 28 29 12 5 32 15 7 19 24 17 30 33 35 8 3 26 22 36 9 0 27 31 39 25 34 13 21 18 10 20 14 1 11 6 2 16 37
31 5424.919434 38 4 23 28 29 12 5 32 15 7 19 24 17 30 33 35 8 3 26 22 10 20 14 1 11 36 9 0 27 31 39 25 34 13 21 18 6 16 2 37
34 4944.923828 38 4 23 28 29 19 5 32 15 7 12 24 17 22 33 35 8 3 26 30 36 9 0 27 31 39 25 34 13 21 18 10 20 14 1 11 6 2 16 37
39 4940.071777 38 4 23 28 29 19 5 32 2 16 15 7 12 24 17 22 33 35 8 3 26 30 36 9 0 27 31 39 25 34 13 21 18 10 20 14 1 11 6 37
41 4900.900391 38 4 23 28 29 19 5 32 15 7 12 37 17 22 33 35 8 3 26 30 36 9 0 27 31 39 25 34 13 21 18 10 20 14 1 11 6 2 16 24
45 4872.108887 38 4 23 28 29 19 5 32 15 7 12 37 17 22 33 35 8 3 26 30 36 9 0 27 31 39 25 34 13 21 18 1 10 20 14 11 6 2 16 24
46 4866.592285 38 4 23 28 29 19 5 32 2 16 15 7 17 22 33 35 8 3 26 30 36 9 0 27 31 39 25 34 13 21 18 10 20 14 1 11 6 12 24 37
47 4821.674805 38 4 23 28 29 19 5 32 10 7 1 11 6 2 12 24 17 22 33 35 8 3 26 30 36 9 0 27 31 39 25 34 13 21 18 16 15 20 14 37
51 4756.080078 38 4 23 28 29 19 5 1 15 7 12 37 17 22 33 35 8 3 26 30 10 20 14 11 6 2 16 36 9 0 27 31 39 25 34 13 21 18 32 24
55 4680.335938 38 4 23 28 29 19 5 37 17 22 33 35 8 26 30 3 36 9 0 27 34 39 25 31 13 21 18 1 15 10 20 14 11 6 2 16 7 12 32 24
64 4672.999023 38 4 23 28 29 19 5 37 17 22 33 35 8 26 30 3 36 9 0 27 34 25 39 31 13 21 18 1 15 10 20 14 11 6 2 16 7 12 32 24
72 4560.163086 38 4 23 28 29 19 5 10 20 14 15 2 6 11 36 9 0 21 18 32 1 16 7 12 37 17 22 35 33 3 8 34 27 31 39 25 26 13 30 24
75 4533.744141 38 4 23 28 29 19 5 10 20 14 15 2 11 6 36 9 0 21 18 32 1 16 7 12 37 17 22 35 33 3 8 34 27 31 39 25 26 13 30 24
77 4516.954590 38 4 23 28 29 19 5 1 15 7 12 37 17 22 13 35 3 27 34 30 10 20 14 2 6 11 16 36 9 21 18 0 8 31 39 25 26 33 32 24
82 4439.393555 38 4 23 28 29 19 5 10 20 14 15 2 6 11 36 9 0 21 18 32 1 16 7 12 37 17 22 35 33 3 27 8 34 31 39 25 26 13 30 24
85 4281.757324 38 4 23 28 29 19 5 10 20 14 15 2 11 6 36 9 0 21 18 32 1 16 7 12 37 17 22 35 33 3 8 34 13 31 39 25 26 27 30 24
90 4272.000000 4 23 28 29 19 5 10 20 14 15 2 6 36 9 0 21 18 11 32 1 16 7 12 37 38 24 17 22 3 33 35 8 34 27 13 31 39 25 26 30
91 4271.750977 4 23 28 29 19 5 10 20 14 15 2 6 36 9 0 21 18 11 32 1 16 7 12 37 38 24 17 22 3 33 35 34 8 27 13 31 39 25 26 30
96 4205.507324 38 4 23 28 29 19 5 10 20 14 15 2 11 6 36 9 21 18 0 32 1 16 7 12 37 17 22 35 33 3 8 34 13 31 39 25 26 27 30 24
97 4163.512695 37 38 24 17 22 3 33 35 34 8 27 13 31 39 25 26 4 23 28 29 19 5 10 20 14 15 2 6 36 9 0 21 18 11 32 1 16 7 12 30
101 3969.231689 37 38 24 17 22 3 33 35 34 8 27 13 31 39 25 26 4 23 28 29 19 5 10 20 14 1 16 7 15 2 6 36 9 0 21 18 11 32 12 30
115 3858.601318 37 38 24 17 22 30 3 33 35 34 8 27 13 31 39 25 26 4 23 28 29 19 5 10 20 14 15 2 16 6 36 9 0 21 18 11 1 7 12 32
128 3825.632324 37 38 24 17 22 3 33 35 27 8 34 13 31 39 25 26 4 23 28 29 19 5 10 20 14 1 16 7 15 2 9 0 21 18 36 11 6 30 12 32
138 3815.249268 37 24 38 17 22 3 33 35 27 8 34 13 31 39 25 26 4 23 28 29 19 5 10 20 14 1 16 7 15 2 9 0 21 18 36 11 6 30 12 32
140 3808.433838 37 38 24 17 22 30 3 33 35 27 8 34 13 31 39 25 26 4 23 28 29 19 5 10 20 14 15 2 16 6 36 9 0 18 21 11 1 7 12 32
154 3732.768311 37 38 24 17 22 30 3 33 34 13 31 27 35 8 39 25 26 4 23 28 29 19 5 1 7 10 20 14 15 2 16 6 36 9 0 21 18 11 12 32
156 3729.950928 37 38 24 17 22 30 3 33 34 13 31 27 35 8 39 25 26 4 23 28 29 19 5 1 7 10 20 14 15 2 16 6 11 36 9 0 21 18 12 32
157 3646.135254 37 38 24 17 22 30 3 33 34 13 31 27 35 8 39 25 26 4 23 28 29 19 5 1 10 20 14 7 15 2 16 6 36 9 0 21 18 11 12 32
175 3614.327393 37 38 24 17 22 30 3 33 36 9 0 21 18 34 13 31 27 35 8 39 25 26 4 23 28 29 19 5 1 10 20 14 7 15 2 16 11 6 12 32
198 3601.455566 37 24 38 17 22 30 3 33 27 0 9 36 21 18 13 34 31 35 8 39 25 26 4 23 28 29 19 5 1 10 20 14 7 15 2 16 11 6 12 32
199 3489.236816 37 38 24 17 22 30 3 33 36 9 18 21 0 34 13 31 27 35 8 39 25 26 4 23 28 29 19 5 1 10 20 14 7 15 2 16 11 6 12 32
218 3462.450195 37 38 24 17 22 30 3 33 34 13 31 27 35 8 39 25 26 4 23 28 29 19 5 1 10 20 14 7 15 2 16 11 6 36 9 18 21 0 12 32
222 3429.559082 37 38 24 17 22 33 3 30 36 9 18 21 0 34 13 31 27 35 8 39 25 26 4 23 28 29 19 5 1 10 20 14 7 15 2 16 11 6 12 32
223 3422.238770 24 17 22 33 3 30 36 9 18 21 0 34 13 31 27 35 8 39 25 26 4 37 38 23 28 29 19 5 1 10 20 14 7 15 2 16 11 6 12 32
231 3378.749512 24 37 17 22 33 3 30 36 9 18 21 0 34 13 31 27 35 8 39 25 26 4 38 23 28 29 19 5 1 10 20 14 7 15 2 16 11 6 12 32
310 3361.593994 37 24 17 22 33 3 30 36 9 18 21 0 34 13 31 8 35 27 39 25 26 4 38 23 28 29 19 5 1 10 20 14 7 15 2 16 11 6 12 32
316 3360.470947 24 37 17 22 33 3 27 35 30 36 9 18 21 0 34 13 31 8 39 25 26 4 38 23 28 29 19 5 1 10 20 14 7 15 2 16 11 6 12 32
331 3353.510986 24 37 22 33 3 27 35 30 36 9 18 21 0 34 13 31 8 39 25 26 17 4 38 23 28 29 19 5 1 10 20 14 7 15 2 16 11 6 12 32
385 3348.515137 24 37 17 22 33 3 30 36 9 18 21 0 34 13 31 8 35 27 39 25 26 4 38 23 28 29 19 5 1 10 20 14 7 15 2 16 11 6 12 32
391 3330.234863 24 37 22 33 27 35 3 30 36 9 18 21 0 34 13 31 8 39 25 26 17 4 38 23 28 29 19 5 1 10 20 14 7 15 2 16 11 6 12 32
592 3330.104736 13 31 8 39 25 26 17 4 38 24 37 23 28 29 19 5 1 10 20 14 7 15 2 16 11 6 12 32 22 33 27 35 3 30 36 9 18 21 0 34
699 3286.240723 13 31 8 39 25 26 17 4 24 37 38 23 28 29 19 5 1 10 20 14 7 15 2 16 11 6 12 32 22 33 27 35 3 30 36 9 18 21 0 34
719 3258.320313 13 31 8 39 25 26 17 4 37 24 38 23 28 29 19 5 1 10 20 14 7 15 2 16 11 6 12 32 22 33 27 35 3 30 36 9 18 21 0 34
789 3207.487549 13 31 8 39 25 26 33 27 35 3 22 17 4 37 24 38 23 28 29 19 5 1 10 20 14 7 15 2 16 11 6 12 32 30 36 9 18 21 0 34
865 3207.487305 39 25 26 33 27 35 3 22 17 4 37 24 38 23 28 29 19 5 1 10 20 14 7 15 2 16 11 6 12 32 30 36 9 18 21 0 34 13 31 8
1020 3145.239258 39 25 26 33 27 35 3 12 32 30 22 17 4 37 24 38 23 28 29 19 5 1 10 20 14 7 15 2 16 11 6 36 9 18 21 0 34 13 31 8
1067 3079.537109 39 25 26 33 27 35 3 30 12 32 22 17 4 37 24 38 23 28 29 19 5 1 10 20 14 7 15 2 16 11 6 36 9 18 21 0 34 13 31 8
1575 3079.536865 25 26 33 27 35 3 30 12 32 22 17 4 37 24 38 23 28 29 19 5 1 10 20 14 7 15 2 16 11 6 36 9 18 21 0 34 13 31 8 39
fitnesses
9146.55
8709.36
8352.22
8273.09
8071.17
7566.89
7428.98
7054.54
6803.08
6532.79
6455.21
6455.21
6355.3
6284.59
6284.59
6261.69
6238.45
6228.1
6168.04
6090.7
6000.77
6000.77
5995.69
5957.68
5936.49
5936.49
5890.96
5874.34
5478.74
5437.89
5424.92
5424.92
5424.92
4944.92
4944.92
4944.92
4944.92
4944.92
4940.07
4940.07
4900.9
4900.9
4900.9
4900.9
4872.11
4866.59
4821.67
4821.67
4821.67
4821.67
4756.08
4756.08
4756.08
4756.08
4680.34
4680.34
4680.34
4680.34
4680.34
4680.34
4680.34
4680.34
4680.34
4673
4673
4673
4673
4673
4673
4673
4673
4560.16
4560.16
4560.16
4533.74
4533.74
4516.95
4516.95
4516.95
4516.95
4516.95
4439.39
4439.39
4439.39
4281.76
4281.76
4281.76
4281.76
4281.76
4272
4271.75
4271.75
4271.75
4271.75
4271.75
4205.51
4163.51
4163.51
4163.51
4163.51
3969.23
3969.23
3969.23
3969.23
3969.23
3969.23
3969.23
3969.23
3969.23
3969.23
3969.23
3969.23
3969.23
3969.23
3858.6
3858.6
3858.6
3858.6
3858.6
3858.6
3858.6
3858.6
3858.6
3858.6
3858.6
3858.6
3858.6
3825.63
3825.63
3825.63
3825.63
3825.63
3825.63
3825.63
3825.63
3825.63
3825.63
3815.25
3815.25
3808.43
3808.43
3808.43
3808.43
3808.43
3808.43
3808.43
3808.43
3808.43
3808.43
3808.43
3808.43
3808.43
3808.43
3732.77
3732.77
3729.95
3646.14
3646.14
3646.14
3646.14
3646.14
3646.14
3646.14
3646.14
3646.14
3646.14
3646.14
3646.14
3646.14
3646.14
3646.14
3646.14
3646.14
3646.14
3614.33
3614.33
3614.33
3614.33
3614.33
3614.33
3614.33
3614.33
3614.33
3614.33
3614.33
3614.33
3614.33
3614.33
3614.33
3614.33
3614.33
3614.33
3614.33
3614.33
3614.33
3614.33
3614.33
3601.46
3489.24
3489.24
3489.24
3489.24
3489.24
3489.24
3489.24
3489.24
3489.24
3489.24
3489.24
3489.24
3489.24
3489.24
3489.24
3489.24
3489.24
3489.24
3489.24
3462.45
3462.45
3462.45
3462.45
3429.56
3422.24
3422.24
3422.24
3422.24
3422.24
3422.24
3422.24
3422.24
3378.75
3378.75
3378.75
3378.75
3378.75
3378.75
3378.75
3378.75
3378.75
3378.75
3378.75
3378.75
3378.75
3378.75
3378.75
3378.75
3378.75
3378.75
3378.75
3378.75
3378.75
3378.75
3378.75
3378.75
3378.75
3378.75
3378.75
3378.75
3378.75
3378.75
3378.75
3378.75
3378.75
3378.75
3378.75
3378.75
3378.75
3378.75
3378.75
3378.75
3378.75
3378.75
3378.75
3378.75
3378.75
3378.75
3378.75
3378.75
3378.75
3378.75
3378.75
3378.75
3378.75
3378.75
3378.75
3378.75
3378.75
3378.75
3378.75
3378.75
3378.75
3378.75
3378.75
3378.75
3378.75
3378.75
3378.75
3378.75
3378.75
3378.75
3378.75
3378.75
3378.75
3378.75
3378.75
3378.75
3378.75
3378.75
3378.75
3361.59
3361.59
3361.59
3361.59
3361.59
3361.59
3360.47
3360.47
3360.47
3360.47
3360.47
3360.47
3360.47
3360.47
3360.47
3360.47
3360.47
3360.47
3360.47
3360.47
3360.47
3353.51
3353.51
3353.51
3353.51
3353.51
3353.51
3353.51
3353.51
3353.51
3353.51
3353.51
3353.51
3353.51
3353.51
3353.51
3353.51
3353.51
3353.51
3353.51
3353.51
3353.51
3353.51
3353.51
3353.51
3353.51
3353.51
3353.51
3353.51
3353.51
3353.51
3353.51
3353.51
3353.51
3353.51
3353.51
3353.51
3353.51
3353.51
3353.51
3353.51
3353.51
3353.51
3353.51
3353.51
3353.51
3353.51
3353.51
3353.51
3353.51
3353.51
3353.51
3353.51
3353.51
3353.51
3348.52
3348.52
3348.52
3348.52
3348.52
3348.52
3330.23
3330.23
3330.23
3330.23
3330.23
3330.23
3330.23
3330.23
3330.23
3330.23
3330.23
3330.23
3330.23
3330.23
3330.23
3330.23
3330.23
3330.23
3330.23
3330.23
3330.23
3330.23
3330.23
3330.23
3330.23
3330.23
3330.23
3330.23
3330.23
3330.23
3330.23
3330.23
3330.23
3330.23
3330.23
3330.23
3330.23
3330.23
3330.23
3330.23
3330.23
3330.23
3330.23
3330.23
3330.23
3330.23
3330.23
3330.23
3330.23
3330.23
3330.23
3330.23
3330.23
3330.23
3330.23
3330.23
3330.23
3330.23
3330.23
3330.23
3330.23
3330.23
3330.23
3330.23
3330.23
3330.23
3330.23
3330.23
3330.23
3330.23
3330.23
3330.23
3330.23
3330.23
3330.23
3330.23
3330.23
3330.23
3330.23
3330.23
3330.23
3330.23
3330.23
3330.23
3330.23
3330.23
3330.23
3330.23
3330.23
3330.23
3330.23
3330.23
3330.23
3330.23
3330.23
3330.23
3330.23
3330.23
3330.23
3330.23
3330.23
3330.23
3330.23
3330.23
3330.23
3330.23
3330.23
3330.23
3330.23
3330.23
3330.23
3330.23
3330.23
3330.23
3330.23
3330.23
3330.23
3330.23
3330.23
3330.23
3330.23
3330.23
3330.23
3330.23
3330.23
3330.23
3330.23
3330.23
3330.23
3330.23
3330.23
3330.23
3330.23
3330.23
3330.23
3330.23
3330.23
3330.23
3330.23
3330.23
3330.23
3330.23
3330.23
3330.23
3330.23
3330.23
3330.23
3330.23
3330.23
3330.23
3330.23
3330.23
3330.23
3330.23
3330.23
3330.23
3330.23
3330.23
3330.23
3330.23
3330.23
3330.23
3330.23
3330.23
3330.23
3330.23
3330.23
3330.23
3330.23
3330.23
3330.23
3330.23
3330.23
3330.23
3330.23
3330.23
3330.23
3330.23
3330.23
3330.23
3330.23
3330.23
3330.23
3330.23
3330.23
3330.23
3330.23
3330.23
3330.23
3330.23
3330.23
3330.23
3330.23
3330.23
3330.23
3330.23
3330.23
3330.23
3330.23
3330.23
3330.23
3330.1
3330.1
3330.1
3330.1
3330.1
3330.1
3330.1
3330.1
3330.1
3330.1
3330.1
3330.1
3330.1
3330.1
3330.1
3330.1
3330.1
3330.1
3330.1
3330.1
3330.1
3330.1
3330.1
3330.1
3330.1
3330.1
3330.1
3330.1
3330.1
3330.1
3330.1
3330.1
3330.1
3330.1
3330.1
3330.1
3330.1
3330.1
3330.1
3330.1
3330.1
3330.1
3330.1
3330.1
3330.1
3330.1
3330.1
3330.1
3330.1
3330.1
3330.1
3330.1
3330.1
3330.1
3330.1
3330.1
3330.1
3330.1
3330.1
3330.1
3330.1
3330.1
3330.1
3330.1
3330.1
3330.1
3330.1
3330.1
3330.1
3330.1
3330.1
3330.1
3330.1
3330.1
3330.1
3330.1
3330.1
3330.1
3330.1
3330.1
3330.1
3330.1
3330.1
3330.1
3330.1
3330.1
3330.1
3330.1
3330.1
3330.1
3330.1
3330.1
3330.1
3330.1
3330.1
3330.1
3330.1
3330.1
3330.1
3330.1
3330.1
3330.1
3330.1
3330.1
3330.1
3330.1
3330.1
3286.24
3286.24
3286.24
3286.24
3286.24
3286.24
3286.24
3286.24
3286.24
3286.24
3286.24
3286.24
3286.24
3286.24
3286.24
3286.24
3286.24
3286.24
3286.24
3286.24
3258.32
3258.32
3258.32
3258.32
3258.32
3258.32
3258.32
3258.32
3258.32
3258.32
3258.32
3258.32
3258.32
3258.32
3258.32
3258.32
3258.32
3258.32
3258.32
3258.32
3258.32
3258.32
3258.32
3258.32
3258.32
3258.32
3258.32
3258.32
3258.32
3258.32
3258.32
3258.32
3258.32
3258.32
3258.32
3258.32
3258.32
3258.32
3258.32
3258.32
3258.32
3258.32
3258.32
3258.32
3258.32
3258.32
3258.32
3258.32
3258.32
3258.32
3258.32
3258.32
3258.32
3258.32
3258.32
3258.32
3258.32
3258.32
3258.32
3258.32
3258.32
3258.32
3258.32
3258.32
3258.32
3258.32
3258.32
3258.32
3258.32
3258.32
3207.49
3207.49
3207.49
3207.49
3207.49
3207.49
3207.49
3207.49
3207.49
3207.49
3207.49
3207.49
3207.49
3207.49
3207.49
3207.49
3207.49
3207.49
3207.49
3207.49
3207.49
3207.49
3207.49
3207.49
3207.49
3207.49
3207.49
3207.49
3207.49
3207.49
3207.49
3207.49
3207.49
3207.49
3207.49
3207.49
3207.49
3207.49
3207.49
3207.49
3207.49
3207.49
3207.49
3207.49
3207.49
3207.49
3207.49
3207.49
3207.49
3207.49
3207.49
3207.49
3207.49
3207.49
3207.49
3207.49
3207.49
3207.49
3207.49
3207.49
3207.49
3207.49
3207.49
3207.49
3207.49
3207.49
3207.49
3207.49
3207.49
3207.49
3207.49
3207.49
3207.49
3207.49
3207.49
3207.49
3207.49
3207.49
3207.49
3207.49
3207.49
3207.49
3207.49
3207.49
3207.49
3207.49
3207.49
3207.49
3207.49
3207.49
3207.49
3207.49
3207.49
3207.49
3207.49
3207.49
3207.49
3207.49
3207.49
3207.49
3207.49
3207.49
3207.49
3207.49
3207.49
3207.49
3207.49
3207.49
3207.49
3207.49
3207.49
3207.49
3207.49
3207.49
3207.49
3207.49
3207.49
3207.49
3207.49
3207.49
3207.49
3207.49
3207.49
3207.49
3207.49
3207.49
3207.49
3207.49
3207.49
3207.49
3207.49
3207.49
3207.49
3207.49
3207.49
3207.49
3207.49
3207.49
3207.49
3207.49
3207.49
3207.49
3207.49
3207.49
3207.49
3207.49
3207.49
3207.49
3207.49
3207.49
3207.49
3207.49
3207.49
3207.49
3207.49
3207.49
3207.49
3207.49
3207.49
3207.49
3207.49
3207.49
3207.49
3207.49
3207.49
3207.49
3207.49
3207.49
3207.49
3207.49
3207.49
3207.49
3207.49
3207.49
3207.49
3207.49
3207.49
3207.49
3207.49
3207.49
3207.49
3207.49
3207.49
3207.49
3207.49
3207.49
3207.49
3207.49
3207.49
3207.49
3207.49
3207.49
3207.49
3207.49
3207.49
3207.49
3207.49
3207.49
3207.49
3207.49
3207.49
3207.49
3207.49
3207.49
3207.49
3207.49
3207.49
3207.49
3207.49
3207.49
3207.49
3207.49
3207.49
3207.49
3207.49
3207.49
3207.49
3207.49
3207.49
3207.49
3207.49
3207.49
3207.49
3207.49
3207.49
3207.49
3207.49
3207.49
3207.49
3207.49
3207.49
3145.24
3145.24
3145.24
3145.24
3145.24
3145.24
3145.24
3145.24
3145.24
3145.24
3145.24
3145.24
3145.24
3145.24
3145.24
3145.24
3145.24
3145.24
3145.24
3145.24
3145.24
3145.24
3145.24
3145.24
3145.24
3145.24
3145.24
3145.24
3145.24
3145.24
3145.24
3145.24
3145.24
3145.24
3145.24
3145.24
3145.24
3145.24
3145.24
3145.24
3145.24
3145.24
3145.24
3145.24
3145.24
3145.24
3145.24
3079.54
3079.54
3079.54
3079.54
3079.54
3079.54
3079.54
3079.54
3079.54
3079.54
3079.54
3079.54
3079.54
3079.54
3079.54
3079.54
3079.54
3079.54
3079.54
3079.54
3079.54
3079.54
3079.54
3079.54
3079.54
3079.54
3079.54
3079.54
3079.54
3079.54
3079.54
3079.54
3079.54
3079.54
3079.54
3079.54
3079.54
3079.54
3079.54
3079.54
3079.54
3079.54
3079.54
3079.54
3079.54
3079.54
3079.54
3079.54
3079.54
3079.54
3079.54
3079.54
3079.54
3079.54
3079.54
3079.54
3079.54
3079.54
3079.54
3079.54
3079.54
3079.54
3079.54
3079.54
3079.54
3079.54
3079.54
3079.54
3079.54
3079.54
3079.54
3079.54
3079.54
3079.54
3079.54
3079.54
3079.54
3079.54
3079.54
3079.54
3079.54
3079.54
3079.54
3079.54
3079.54
3079.54
3079.54
3079.54
3079.54
3079.54
3079.54
3079.54
3079.54
3079.54
3079.54
3079.54
3079.54
3079.54
3079.54
3079.54
3079.54
3079.54
3079.54
3079.54
3079.54
3079.54
3079.54
3079.54
3079.54
3079.54
3079.54
3079.54
3079.54
3079.54
3079.54
3079.54
3079.54
3079.54
3079.54
3079.54
3079.54
3079.54
3079.54
3079.54
3079.54
3079.54
3079.54
3079.54
3079.54
3079.54
3079.54
3079.54
3079.54
3079.54
3079.54
3079.54
3079.54
3079.54
3079.54
3079.54
3079.54
3079.54
3079.54
3079.54
3079.54
3079.54
3079.54
3079.54
3079.54
3079.54
3079.54
3079.54
3079.54
3079.54
3079.54
3079.54
3079.54
3079.54
3079.54
3079.54
3079.54
3079.54
3079.54
3079.54
3079.54
3079.54
3079.54
3079.54
3079.54
3079.54
3079.54
3079.54
3079.54
3079.54
3079.54
3079.54
3079.54
3079.54
3079.54
3079.54
3079.54
3079.54
3079.54
3079.54
3079.54
3079.54
3079.54
3079.54
3079.54
3079.54
3079.54
3079.54
3079.54
3079.54
3079.54
3079.54
3079.54
3079.54
3079.54
3079.54
3079.54
3079.54
3079.54
3079.54
3079.54
3079.54
3079.54
3079.54
3079.54
3079.54
3079.54
3079.54
3079.54
3079.54
3079.54
3079.54
3079.54
3079.54
3079.54
3079.54
3079.54
3079.54
3079.54
3079.54
3079.54
3079.54
3079.54
3079.54
3079.54
3079.54
3079.54
3079.54
3079.54
3079.54
3079.54
3079.54
3079.54
3079.54
3079.54
3079.54
3079.54
3079.54
3079.54
3079.54
3079.54
3079.54
3079.54
3079.54
3079.54
3079.54
3079.54
3079.54
3079.54
3079.54
3079.54
3079.54
3079.54
3079.54
3079.54
3079.54
3079.54
3079.54
3079.54
3079.54
3079.54
3079.54
3079.54
3079.54
3079.54
3079.54
3079.54
3079.54
3079.54
3079.54
3079.54
3079.54
3079.54
3079.54
3079.54
3079.54
3079.54
3079.54
3079.54
3079.54
3079.54
3079.54
3079.54
3079.54
3079.54
3079.54
3079.54
3079.54
3079.54
3079.54
3079.54
3079.54
3079.54
3079.54
3079.54
3079.54
3079.54
3079.54
3079.54
3079.54
3079.54
3079.54
3079.54
3079.54
3079.54
3079.54
3079.54
3079.54
3079.54
3079.54
3079.54
3079.54
3079.54
3079.54
3079.54
3079.54
3079.54
3079.54
3079.54
3079.54
3079.54
3079.54
3079.54
3079.54
3079.54
3079.54
3079.54
3079.54
3079.54
3079.54
3079.54
3079.54
3079.54
3079.54
3079.54
3079.54
3079.54
3079.54
3079.54
3079.54
3079.54
3079.54
3079.54
3079.54
3079.54
3079.54
3079.54
3079.54
3079.54
3079.54
3079.54
3079.54
3079.54
3079.54
3079.54
3079.54
3079.54
3079.54
3079.54
3079.54
3079.54
3079.54
3079.54
3079.54
3079.54
3079.54
3079.54
3079.54
3079.54
3079.54
3079.54
3079.54
3079.54
3079.54
3079.54
3079.54
3079.54
3079.54
3079.54
3079.54
3079.54
3079.54
3079.54
3079.54
3079.54
3079.54
3079.54
3079.54
3079.54
3079.54
3079.54
3079.54
3079.54
3079.54
3079.54
3079.54
3079.54
3079.54
3079.54
3079.54
3079.54
3079.54
3079.54
3079.54
3079.54
3079.54
3079.54
3079.54
3079.54
3079.54
3079.54
3079.54
3079.54
3079.54
3079.54
3079.54
3079.54
3079.54
3079.54
3079.54
3079.54
3079.54
3079.54
3079.54
3079.54
3079.54
3079.54
3079.54
3079.54
3079.54
3079.54
3079.54
3079.54
3079.54
3079.54
3079.54
3079.54
3079.54
3079.54
3079.54
3079.54
3079.54
3079.54
3079.54
3079.54
3079.54
3079.54
3079.54
3079.54
3079.54
3079.54
3079.54
3079.54
3079.54
3079.54
3079.54
3079.54
3079.54
3079.54
3079.54
3079.54
3079.54
3079.54
3079.54
3079.54
3079.54
3079.54
3079.54
3079.54
3079.54
3079.54
3079.54
3079.54
3079.54
3079.54
3079.54
3079.54
3079.54
3079.54
3079.54
3079.54
3079.54
3079.54
3079.54
3079.54
3079.54
3079.54
3079.54
3079.54
3079.54
3079.54
3079.54
3079.54
3079.54
3079.54
3079.54
3079.54
3079.54
3079.54
3079.54
3079.54
3079.54
3079.54
3079.54
3079.54
3079.54
3079.54
3079.54
3079.54
3079.54
3079.54
3079.54
3079.54
3079.54
3079.54
3079.54
3079.54
3079.54
3079.54
3079.54
3079.54
3079.54
3079.54
3079.54
3079.54
3079.54
3079.54
3079.54
3079.54
3079.54
3079.54
3079.54
3079.54
3079.54
3079.54
3079.54
3079.54
3079.54
3079.54
3079.54
3079.54
3079.54
3079.54
3079.54
3079.54
3079.54
3079.54
3079.54
3079.54
3079.54
3079.54
3079.54
3079.54
3079.54
3079.54
3079.54
3079.54
3079.54
3079.54
3079.54
3079.54
3079.54
3079.54
3079.54
3079.54
3079.54
3079.54
3079.54
3079.54
3079.54
3079.54
3079.54
3079.54
3079.54
3079.54
3079.54
3079.54
3079.54
3079.54
3079.54
3079.54
3079.54
3079.54
3079.54
3079.54
3079.54
3079.54
3079.54
3079.54
3079.54
3079.54
3079.54
3079.54
3079.54
3079.54
3079.54
3079.54
3079.54
3079.54
3079.54
3079.54
3079.54
3079.54
3079.54
3079.54
3079.54
3079.54
3079.54
3079.54
3079.54
3079.54
3079.54
3079.54
3079.54
3079.54
3079.54
3079.54
3079.54
3079.54
3079.54
3079.54
3079.54
3079.54
3079.54
3079.54
3079.54
3079.54
3079.54
3079.54
3079.54
3079.54
3079.54
3079.54
3079.54
3079.54
3079.54
3079.54
3079.54
3079.54
3079.54
3079.54
3079.54
3079.54
3079.54
3079.54
3079.54
3079.54
3079.54
3079.54
3079.54
3079.54
3079.54
3079.54
3079.54
3079.54
3079.54
3079.54
3079.54
3079.54
3079.54
3079.54
3079.54
3079.54
3079.54
3079.54
3079.54
3079.54
3079.54
3079.54
3079.54
3079.54
3079.54
3079.54
3079.54
3079.54
3079.54
3079.54
3079.54
3079.54
3079.54
3079.54
3079.54
3079.54
3079.54
3079.54
3079.54
3079.54
3079.54
3079.54
3079.54
3079.54
3079.54
3079.54
3079.54
3079.54
3079.54
3079.54
3079.54
3079.54
3079.54
3079.54
3079.54
3079.54
3079.54
3079.54
3079.54
3079.54
3079.54
3079.54
3079.54
3079.54
3079.54
3079.54
3079.54
3079.54
3079.54
3079.54
3079.54
3079.54
3079.54
3079.54
3079.54
3079.54
3079.54
3079.54
3079.54
3079.54
3079.54
3079.54
3079.54
3079.54
3079.54
3079.54
3079.54
3079.54
3079.54
3079.54
3079.54
3079.54
3079.54
3079.54
3079.54
3079.54
3079.54
3079.54
3079.54
3079.54
3079.54
3079.54
3079.54
3079.54
3079.54
3079.54
3079.54
3079.54
3079.54
3079.54
3079.54
3079.54
3079.54
3079.54
3079.54
3079.54
3079.54
3079.54
3079.54
3079.54
3079.54
3079.54
3079.54
3079.54
3079.54
3079.54
3079.54
3079.54
3079.54
3079.54
3079.54
3079.54
3079.54
3079.54
3079.54
3079.54
3079.54
3079.54
3079.54
3079.54
3079.54
3079.54
3079.54
3079.54
3079.54
3079.54
3079.54
3079.54
3079.54
3079.54
3079.54
3079.54
3079.54
3079.54
3079.54
3079.54
3079.54
3079.54
3079.54
3079.54
3079.54
3079.54
3079.54
3079.54
3079.54
3079.54
3079.54
3079.54
3079.54
3079.54
3079.54
3079.54
3079.54
3079.54
3079.54
3079.54
3079.54
3079.54
3079.54
3079.54
3079.54
3079.54
3079.54
3079.54
3079.54
3079.54
3079.54
3079.54
3079.54
3079.54
3079.54
3079.54
3079.54
3079.54
3079.54
3079.54
3079.54
3079.54
3079.54
3079.54
3079.54
3079.54
3079.54
3079.54
3079.54
3079.54
3079.54
3079.54
3079.54
3079.54
3079.54
3079.54
3079.54
3079.54
3079.54
3079.54
3079.54
3079.54
3079.54
3079.54
3079.54
3079.54
3079.54
3079.54
3079.54
3079.54
3079.54
3079.54
3079.54
3079.54
3079.54
3079.54
3079.54
3079.54
3079.54
3079.54
3079.54
3079.54
3079.54
3079.54
3079.54
3079.54
3079.54
3079.54
3079.54
3079.54
3079.54
3079.54
3079.54
3079.54
3079.54
3079.54
3079.54
3079.54
3079.54
3079.54
3079.54
3079.54
3079.54
3079.54
3079.54
3079.54
3079.54
3079.54
3079.54
3079.54
3079.54
3079.54
3079.54
3079.54
3079.54
3079.54
3079.54
3079.54
3079.54
3079.54
3079.54
3079.54
3079.54
3079.54
3079.54
3079.54
3079.54