points
259 360
298 29
299 278
565 39
429 228
68 58
137 39
15 518
403 75
559 114
491 477
325 137
324 352
271 53
582 111
472 342
479 205
472 511
383 304
124 386
91 404
56 354
457 92
369 253
56 479
378 139
589 220
460 182
407 460
528 194
189 83
386 547
366 549
556 406
112 138
180 365
304 132
239 96
360 397
270 572
130 352
587 497
125 122
437 454
408 512
39 341
493 174
79 137
445 395
287 434
genomes
1 12926.541016 45 47 48 34 5 6 12 7 28 39 41 44 35 8 36 0 32 9 49 10 40 4 31 14 29 33 24 13 37 30 21 23 22 25 27 46 17 16 3 18 2 20 19 42 43 26 15 38 1 11
2 12292.589844 45 47 30 34 5 6 12 8 36 11 41 44 35 7 39 19 21 9 16 10 40 4 43 14 29 33 24 13 37 48 32 1 22 25 27 46 17 20 3 18 2 49 0 42 31 26 15 38 23 28
3 11923.250000 45 47 30 34 5 6 12 26 36 11 41 44 35 7 39 19 21 9 16 10 40 4 43 14 29 33 24 13 37 48 8 1 22 25 27 46 17 20 3 18 2 49 0 42 31 32 15 38 23 28
4 11641.990234 45 47 30 34 5 6 12 13 8 36 11 41 44 35 7 39 19 21 20 16 10 40 4 43 14 29 33 24 37 48 32 1 22 25 27 46 17 9 3 18 2 49 0 42 31 26 15 38 23 28
5 11423.718750 45 47 30 34 5 6 12 26 11 36 41 44 35 7 39 19 21 9 16 10 40 4 43 14 29 33 24 13 37 8 1 22 25 27 46 17 20 3 18 2 49 0 42 31 32 15 38 23 48 28
6 10777.438477 45 47 30 34 5 6 42 13 8 36 11 28 44 35 7 39 19 21 20 16 10 40 4 43 14 29 33 24 37 48 32 1 22 25 27 46 17 9 3 18 2 49 0 12 31 26 15 38 23 41
7 10333.740234 45 47 30 6 5 34 42 13 8 36 11 28 44 35 7 39 19 21 48 16 10 40 4 43 14 29 33 24 37 20 32 1 22 25 27 46 23 9 3 18 2 49 0 12 31 26 15 38 17 41
8 10000.375977 10 40 4 43 14 29 33 24 37 45 47 30 6 5 34 42 13 8 36 11 28 44 35 7 39 19 21 48 16 20 32 1 22 25 27 46 23 9 3 18 2 49 0 12 31 26 15 38 17 41
10 9797.839844 17 12 8 36 11 35 7 39 19 21 40 31 10 41 44 43 14 9 0 42 4 29 33 1 22 25 27 37 45 20 46 26 15 38 18 2 49 16 23 24 47 13 34 5 6 30 3 48 32 28
11 9473.025391 45 47 30 6 5 34 42 13 8 11 36 28 44 35 7 24 19 21 48 39 40 4 43 14 29 33 16 37 20 10 32 1 22 25 27 18 23 9 3 46 2 49 0 12 31 41 15 38 17 26
12 9251.149414 45 47 30 6 5 34 42 13 8 11 36 15 38 17 28 44 35 7 24 19 21 48 39 40 4 43 14 29 33 16 37 20 10 32 1 22 25 27 18 23 9 3 46 2 49 0 12 31 41 26
14 8519.030273 45 47 30 6 5 34 42 13 8 11 36 28 44 35 7 24 19 21 20 10 32 48 39 40 2 43 14 23 33 16 37 1 22 25 27 18 29 9 3 46 4 49 0 12 31 41 15 38 17 26
16 8473.198242 10 24 37 45 47 30 6 5 34 42 13 8 36 11 40 31 43 15 4 26 14 29 33 28 44 35 7 39 19 21 48 23 20 32 1 22 25 27 46 16 9 3 18 2 49 0 12 38 17 41
17 8286.776367 45 47 30 6 5 34 42 13 8 11 36 23 33 16 37 1 22 25 27 18 35 46 4 49 0 12 31 41 15 38 17 28 44 32 7 24 19 21 20 10 29 48 39 40 2 43 14 9 3 26
19 8252.547852 45 47 30 6 5 34 42 13 8 11 36 28 44 35 7 24 19 21 20 10 12 23 33 16 1 37 22 25 27 18 48 41 40 2 43 14 29 9 3 46 4 49 0 32 31 26 15 38 17 39
20 8242.298828 45 47 30 6 5 34 42 13 8 11 36 28 44 35 7 24 19 21 20 10 12 23 33 16 9 3 46 4 49 0 32 31 1 37 22 25 27 18 48 41 40 2 43 14 29 26 15 38 17 39
21 8014.203613 47 45 30 6 5 34 42 13 8 11 36 12 44 39 7 24 19 21 20 40 28 23 33 16 1 37 22 25 27 18 48 41 10 2 43 14 29 9 3 46 4 49 0 32 38 26 15 31 17 35
22 8000.270508 45 47 30 6 5 34 42 13 8 11 36 32 31 28 44 35 7 24 19 21 20 10 12 23 33 16 9 3 46 4 49 0 1 37 22 25 27 18 48 41 40 2 43 14 29 26 15 38 17 39
23 7809.379395 45 47 30 6 5 34 42 13 8 11 36 28 44 35 7 24 19 21 20 12 23 33 16 1 37 22 25 27 18 48 41 40 2 43 10 14 29 9 3 26 46 4 49 0 32 38 15 31 17 39
25 7692.178223 45 47 30 6 5 34 42 13 8 11 36 28 44 35 7 24 19 21 20 12 23 33 16 1 37 22 25 27 18 48 15 41 40 2 43 10 14 29 9 3 26 46 4 49 0 32 38 31 17 39
28 7554.606934 45 47 30 6 5 34 42 13 8 11 36 28 44 35 7 24 19 21 20 12 23 48 15 41 4 49 0 40 2 43 10 33 16 1 37 22 25 27 18 14 29 9 3 26 46 32 38 31 17 39
29 7542.104980 35 7 24 19 21 20 12 23 33 16 1 37 22 25 27 18 2 43 10 14 29 9 3 26 46 4 32 17 38 48 41 40 45 47 30 6 5 34 42 13 8 11 36 28 49 0 44 15 31 39
30 7263.659668 48 41 40 45 47 30 6 5 34 42 13 8 11 36 28 49 0 35 7 24 19 21 20 12 23 33 16 1 37 22 25 27 18 43 10 14 29 9 3 26 46 4 2 44 32 31 15 38 17 39
31 7218.150879 45 47 30 6 5 34 42 13 8 11 36 12 0 35 7 24 19 21 20 40 28 23 33 14 1 37 22 25 27 46 48 10 43 16 29 9 3 26 41 2 18 4 49 32 44 38 15 31 17 39
33 7212.720215 2 44 32 31 17 15 48 41 40 45 47 30 6 5 34 42 13 11 8 36 28 49 0 35 7 24 19 21 20 12 23 33 16 1 37 22 25 27 18 43 10 14 29 9 3 26 46 4 38 39
34 6866.493164 44 32 31 15 48 41 40 45 47 30 6 5 34 42 13 8 11 36 28 49 0 35 7 24 19 21 20 12 2 23 33 16 1 37 22 25 27 18 14 29 9 3 26 46 4 43 10 38 17 39
35 6813.114258 44 32 31 15 48 41 40 45 47 30 6 5 34 42 13 8 11 36 28 49 0 35 7 24 19 21 20 12 2 23 33 16 27 18 14 29 9 3 26 46 1 37 22 25 4 43 10 38 17 39
36 6766.582031 44 32 31 39 12 15 48 41 40 45 47 30 6 5 34 42 13 8 11 36 28 49 0 35 7 24 19 21 20 2 23 33 16 1 37 22 25 27 18 14 29 9 3 26 46 4 43 10 38 17
38 6705.641602 44 32 31 39 12 15 48 41 40 45 47 30 6 5 34 42 13 8 11 36 28 49 0 35 7 24 19 21 20 2 23 33 16 1 37 22 25 27 18 9 3 26 14 29 46 4 43 10 38 17
39 6520.907227 44 32 31 39 12 15 48 41 33 16 1 37 22 40 45 47 30 6 5 34 42 13 8 11 36 28 49 0 35 7 24 19 21 20 2 23 25 27 18 9 3 26 14 29 46 4 43 10 38 17
41 6336.863770 44 32 31 39 12 15 48 41 33 16 1 37 40 45 47 30 6 5 34 42 13 8 11 36 28 49 0 35 7 24 19 21 20 2 23 25 27 18 9 3 26 14 29 22 46 4 43 10 38 17
43 6280.613770 44 32 31 39 12 38 15 48 41 33 16 1 37 22 40 45 47 30 6 5 34 42 13 8 11 36 28 49 0 35 7 24 19 21 20 2 23 25 27 18 9 3 26 14 29 46 4 43 10 17
44 6077.995117 44 32 31 39 12 15 48 41 33 16 1 37 40 45 47 30 6 5 34 42 13 8 11 36 38 49 0 35 7 24 19 21 20 2 23 25 27 18 9 3 26 14 29 22 46 4 43 10 28 17
45 6055.664063 44 32 31 39 38 12 15 48 41 33 16 1 37 40 45 47 30 6 5 34 42 13 8 11 36 49 0 35 7 24 19 21 20 2 23 25 27 18 9 3 26 14 29 22 46 4 43 10 28 17
46 5990.676758 44 32 31 39 12 15 48 41 33 16 25 1 37 40 45 47 30 6 5 34 42 13 8 11 36 38 49 0 35 7 24 19 21 20 2 23 27 18 9 3 26 14 29 22 46 4 43 10 28 17
47 5921.123535 44 32 31 39 38 12 43 48 41 33 16 8 37 40 45 47 30 6 5 34 42 13 1 11 36 49 0 35 7 24 19 21 20 2 23 25 27 18 9 3 26 14 29 22 46 4 15 10 28 17
53 5726.877441 44 32 31 39 38 12 43 48 41 33 16 1 37 40 45 47 30 6 5 34 42 13 8 11 36 18 49 0 35 19 24 7 21 20 2 23 25 27 9 3 26 14 29 22 46 4 15 10 28 17
55 5704.562500 44 32 31 39 38 12 49 0 35 19 24 7 21 20 2 23 25 27 18 48 41 33 16 1 37 40 45 47 30 6 5 34 42 13 8 11 36 46 9 3 26 14 29 22 4 15 10 28 17 43
59 5638.981445 44 32 31 39 38 12 49 0 35 19 24 7 21 20 2 27 23 18 48 41 33 16 25 1 37 40 45 47 30 6 5 34 42 13 8 11 36 46 9 3 26 14 29 22 4 15 10 28 17 43
63 5626.635254 44 32 31 39 38 12 49 0 35 19 24 7 21 20 2 27 22 4 25 23 18 48 41 33 16 8 37 40 45 47 30 6 5 34 42 13 1 11 36 46 9 3 26 14 29 15 10 28 17 43
65 5485.911621 44 32 31 39 38 12 49 0 35 19 24 7 21 20 2 27 22 4 25 23 18 48 41 33 16 8 37 40 45 47 30 6 5 34 42 13 1 11 36 46 9 3 14 29 26 15 10 28 17 43
79 5445.762695 44 32 31 17 39 38 12 49 0 35 19 20 40 2 27 22 4 25 23 18 10 41 33 16 8 37 45 24 7 21 47 30 6 5 34 42 13 1 11 36 46 9 3 14 29 26 15 48 28 43
93 5410.487793 44 32 31 17 39 38 12 49 0 35 19 24 7 20 40 2 27 22 4 25 23 18 10 41 33 16 8 37 45 21 47 30 6 34 42 5 13 1 36 11 46 9 3 14 29 26 15 48 28 43
94 5368.097656 44 32 31 17 38 12 49 39 0 35 19 20 40 2 27 22 8 25 23 18 10 41 33 16 29 4 37 45 24 7 21 47 30 6 5 34 42 13 1 11 36 46 9 3 14 26 15 48 28 43
98 5343.545410 44 17 31 32 39 38 12 49 0 35 19 45 2 27 22 25 4 23 18 48 41 33 16 8 37 40 20 24 7 21 47 30 6 5 34 42 13 1 11 36 46 29 9 3 14 26 15 10 28 43
102 5276.529297 44 32 31 17 38 12 49 39 0 35 19 20 40 2 27 22 4 23 18 10 41 33 16 29 8 37 45 24 7 21 47 42 6 5 34 30 13 1 11 36 25 46 9 3 14 26 15 48 28 43
103 5256.850586 44 32 31 17 38 12 49 39 0 35 19 20 40 2 27 22 4 23 18 10 41 33 16 29 8 36 37 45 24 7 21 47 42 6 5 34 30 13 1 11 25 46 9 3 14 26 15 48 28 43
106 5248.115723 17 32 31 44 38 12 49 39 0 35 19 20 40 2 27 22 4 23 18 10 41 33 16 29 8 37 45 24 7 21 47 42 6 5 34 30 13 1 11 36 25 46 9 3 14 26 15 48 28 43
113 5128.864746 17 32 31 44 38 12 49 39 0 35 19 20 40 2 8 37 45 24 7 21 47 42 6 5 34 30 13 1 11 36 25 27 22 4 23 18 10 41 33 16 29 46 9 3 14 26 15 48 28 43
117 5121.442871 10 41 33 17 32 31 44 38 12 49 39 0 35 19 20 40 2 27 22 4 23 18 29 8 11 45 24 7 21 47 42 6 5 34 30 13 1 37 36 25 16 46 9 3 14 26 15 48 28 43
126 5101.707520 17 32 31 44 38 12 49 39 0 35 19 20 40 2 27 37 45 24 7 21 47 42 6 5 34 30 13 1 11 36 25 8 22 4 23 18 10 41 33 16 46 9 3 14 26 29 15 48 28 43
128 5054.364258 10 41 33 17 32 31 44 38 12 49 39 0 35 19 20 40 2 16 27 29 8 22 4 23 18 11 45 24 7 21 47 42 6 5 34 30 13 1 37 36 25 46 9 3 14 26 15 48 28 43
142 5018.326172 10 41 33 17 32 31 44 38 12 49 39 0 35 19 20 40 2 23 18 8 11 45 24 7 21 47 42 6 5 34 30 13 1 37 36 25 16 22 27 29 4 46 9 3 14 26 15 48 28 43
150 5005.592285 10 41 33 17 32 31 44 38 12 49 39 0 35 19 20 40 2 16 27 29 8 22 4 23 18 11 45 24 7 21 34 47 42 6 5 30 37 1 13 36 25 46 9 3 14 26 15 48 28 43
154 5000.725098 10 41 33 17 32 31 44 38 12 49 39 0 35 19 20 40 2 16 29 8 22 27 4 23 18 11 45 24 7 21 47 42 6 5 34 30 37 1 13 36 25 46 3 14 9 26 15 48 28 43
156 4984.122559 10 41 33 17 32 31 44 38 12 49 39 0 35 19 20 40 2 16 27 46 29 8 22 4 23 18 11 45 24 7 21 34 47 42 6 5 30 37 1 13 36 25 9 3 14 26 15 48 28 43
159 4975.160156 17 32 31 44 39 49 12 38 0 35 19 20 40 2 27 8 37 6 5 45 24 7 21 42 47 34 30 13 1 36 11 25 22 9 14 3 4 23 18 10 41 33 16 46 29 26 15 48 28 43
162 4936.109863 10 33 41 17 32 31 44 38 12 49 39 0 35 19 20 40 2 16 29 11 8 22 27 4 23 18 45 24 7 21 47 42 6 5 34 30 37 1 13 36 25 46 3 14 9 26 15 48 28 43
166 4819.314453 10 41 33 17 32 31 44 38 12 49 39 0 35 19 20 40 2 16 27 29 8 22 4 23 18 45 7 24 21 34 47 42 6 5 30 37 1 13 36 11 25 46 9 3 14 26 15 48 28 43
180 4755.018555 10 41 33 17 32 31 44 38 12 49 39 0 35 19 20 40 2 16 27 8 22 4 23 18 45 7 24 21 34 47 42 6 5 30 37 1 13 36 11 25 46 9 3 14 29 26 15 48 28 43
185 4590.468750 10 41 33 17 32 31 44 38 12 49 39 0 35 19 20 40 45 7 24 21 34 47 42 6 5 30 37 1 13 36 11 25 2 16 27 29 8 22 4 23 18 46 9 3 14 26 15 48 28 43
188 4572.353516 10 41 33 17 32 31 44 38 12 49 39 0 35 19 20 40 45 7 24 21 34 47 42 6 5 30 37 13 1 36 11 25 2 16 27 29 8 22 4 23 18 46 9 3 14 26 15 48 28 43
191 4558.501465 10 41 33 17 32 31 44 38 12 49 39 0 35 19 20 40 45 7 24 21 34 47 42 6 5 30 37 1 13 36 11 25 2 16 27 29 22 8 4 23 18 46 9 3 14 26 15 48 28 43
194 4433.362793 10 41 33 17 32 31 44 38 12 49 39 0 35 19 20 40 45 7 24 21 34 47 42 6 5 30 37 13 1 36 11 25 2 16 27 29 46 9 3 14 26 8 22 4 23 18 15 48 28 43
207 4396.277832 10 41 33 17 32 31 44 38 12 39 49 0 35 19 40 20 21 45 7 24 34 47 42 6 5 30 37 13 1 36 11 25 2 27 16 29 46 9 3 14 26 8 22 4 23 18 15 48 28 43
208 4384.855469 10 41 33 17 32 31 44 38 39 49 12 0 35 19 20 40 45 7 24 21 34 47 42 6 5 30 1 13 37 36 11 25 4 16 27 29 46 9 3 14 26 8 22 2 23 18 15 48 28 43
215 4370.382813 33 41 10 17 32 31 44 38 12 39 49 0 35 19 40 20 21 45 7 24 34 47 42 6 5 30 37 13 1 36 11 25 2 27 16 29 46 9 3 14 26 8 22 4 23 18 15 48 28 43
217 4361.016602 10 41 33 17 32 31 44 38 39 49 12 0 35 19 20 40 45 7 24 21 34 47 42 6 5 30 1 13 37 36 11 25 4 27 16 46 29 14 3 9 26 8 22 2 23 18 15 48 28 43
218 4356.887207 10 41 33 17 32 31 44 38 39 49 12 0 35 19 20 40 45 7 24 21 34 47 42 6 5 30 1 13 37 36 11 25 4 27 46 29 14 3 9 26 16 8 22 2 23 18 15 48 28 43
224 4288.544434 10 41 33 17 32 31 44 38 12 2 39 49 0 35 19 40 20 21 45 7 24 34 47 42 6 5 30 37 13 1 36 11 25 27 16 29 46 9 3 14 26 8 22 4 23 18 15 48 28 43
234 4241.387695 10 41 33 17 32 31 39 44 38 12 2 49 0 35 19 40 20 21 45 7 24 47 42 34 6 5 30 37 13 1 36 11 25 27 16 29 46 9 3 14 26 8 22 4 23 18 15 48 28 43
239 4205.756836 10 41 33 17 32 31 39 44 38 12 2 49 0 35 19 40 20 21 45 7 24 47 42 34 6 5 30 37 13 1 36 11 25 27 16 29 46 9 3 14 26 22 8 4 23 18 15 48 28 43
241 4145.859863 10 41 33 17 32 31 44 38 12 2 39 49 0 35 19 40 20 21 45 7 24 47 42 34 6 5 30 37 13 1 36 11 25 27 46 16 29 26 14 9 3 8 22 4 23 18 15 48 28 43
259 4105.507324 10 41 33 17 32 31 44 28 38 12 2 39 49 0 35 19 40 20 21 45 7 24 47 42 34 6 5 30 37 13 1 36 11 25 27 46 16 29 26 14 9 3 8 22 4 23 18 15 48 43
281 4011.707275 10 41 33 17 32 31 44 28 38 12 2 39 49 0 35 19 40 7 24 20 21 45 47 42 34 6 5 30 37 13 1 36 11 25 27 46 16 29 26 14 9 3 8 22 4 23 18 15 48 43
282 3988.841553 10 41 33 17 32 31 44 28 38 12 2 0 39 49 35 19 40 7 24 20 21 45 47 42 34 6 5 30 37 13 1 36 11 25 27 46 16 29 26 14 9 3 8 22 4 23 18 15 48 43
300 3985.626221 10 41 33 17 32 31 44 39 49 0 35 19 40 7 24 20 21 45 47 42 34 6 5 30 37 13 1 36 11 25 27 46 16 29 26 14 9 3 8 22 4 38 12 2 23 18 15 48 43 28
309 3974.370361 10 41 33 17 32 31 44 39 49 0 35 19 40 7 24 20 21 45 47 42 34 6 5 30 37 13 1 36 11 25 27 46 16 29 26 14 9 3 8 22 4 38 12 2 23 18 15 48 28 43
328 3959.534180 10 41 33 17 32 31 44 28 38 12 2 0 39 49 35 19 40 7 24 20 21 45 47 42 34 6 5 30 37 13 1 36 11 25 27 46 16 29 26 14 9 3 22 8 4 23 18 15 48 43
331 3956.319092 10 41 33 17 32 31 44 39 49 0 35 19 40 7 24 20 21 45 47 42 34 6 5 30 37 13 1 36 11 25 27 46 16 29 26 14 9 3 22 8 4 38 12 2 23 18 15 48 43 28
332 3952.012695 28 10 41 33 17 32 31 44 39 49 0 35 19 40 7 24 20 21 45 47 34 42 6 5 30 37 13 1 36 11 25 27 46 16 29 26 14 9 3 8 22 4 38 12 2 23 18 15 48 43
342 3947.271484 28 10 41 33 17 31 32 44 39 49 0 35 19 40 7 24 20 21 45 47 34 42 6 5 30 37 13 1 36 11 25 27 46 16 29 26 14 9 3 8 22 4 38 12 2 23 18 15 48 43
348 3945.558838 10 41 33 17 32 31 44 39 49 0 35 40 19 7 24 20 21 45 47 42 34 6 5 30 37 13 1 36 11 25 27 46 16 29 26 14 9 3 8 22 4 15 48 38 12 2 23 18 28 43
350 3923.084473 28 10 41 33 17 32 31 44 39 49 0 35 19 40 20 24 7 21 45 47 34 42 6 5 30 37 13 1 36 11 25 27 46 16 29 26 14 9 3 8 22 4 38 12 2 23 18 15 48 43
359 3898.414551 28 10 41 33 17 32 31 44 39 49 0 35 19 40 7 24 20 21 45 47 34 42 5 6 30 37 13 1 36 11 25 27 46 16 29 26 14 9 3 8 22 4 38 12 2 23 18 15 48 43
375 3887.528320 28 10 41 33 17 32 31 44 39 49 0 35 40 19 20 24 7 21 45 47 34 42 6 5 30 37 13 1 36 11 25 27 46 16 29 26 14 9 3 8 22 4 38 12 2 23 18 15 48 43
383 3842.207031 28 17 41 33 10 44 31 32 39 49 38 12 2 23 18 0 35 19 40 20 24 7 21 45 34 47 42 6 5 30 37 13 1 36 11 25 27 46 16 29 26 14 9 3 8 22 4 15 48 43
390 3833.929199 3 8 22 4 38 12 2 23 18 15 48 43 28 10 41 33 17 32 31 44 39 49 0 35 40 19 20 24 7 21 45 47 34 42 5 6 30 37 13 1 36 11 25 27 46 16 29 26 14 9
391 3804.622314 3 22 8 4 38 12 2 23 18 15 48 43 28 10 41 33 17 32 31 44 39 49 0 35 40 19 20 24 7 21 45 47 34 42 5 6 30 37 13 1 36 11 25 27 46 16 29 26 14 9
398 3784.204834 3 22 8 4 38 12 2 23 18 15 48 43 28 10 33 41 17 32 31 44 39 49 0 35 40 19 20 24 7 21 45 47 34 42 5 6 30 37 13 1 36 11 25 27 46 16 29 26 14 9
409 3769.358887 3 22 8 4 38 12 2 23 18 15 48 43 28 10 41 33 17 31 44 32 39 49 0 35 40 19 20 24 7 21 45 47 34 42 5 6 30 37 13 1 36 11 25 27 46 16 29 26 14 9
428 3755.327637 3 22 8 4 38 12 2 23 18 15 48 43 28 10 41 33 17 31 44 32 39 49 0 35 40 19 20 24 7 21 45 47 34 42 5 6 30 37 13 1 36 11 25 27 16 46 29 26 14 9
445 3733.598633 3 22 8 27 4 38 12 2 23 18 15 48 43 28 10 33 41 17 44 32 31 39 49 0 35 40 19 20 24 7 21 45 47 34 42 5 6 30 37 13 1 36 11 25 46 16 29 26 14 9
474 3702.885498 3 22 8 27 4 23 2 12 18 15 48 38 43 28 10 33 41 17 44 32 31 39 49 0 35 40 19 20 24 7 21 45 47 34 42 5 6 30 37 13 1 36 11 25 46 16 29 26 14 9
489 3702.564697 3 22 8 27 4 23 2 12 18 15 48 38 43 28 10 33 41 17 44 32 31 39 49 0 35 40 19 20 24 7 21 45 47 34 42 5 6 30 37 13 1 36 11 25 46 16 29 26 9 14
492 3683.632813 3 8 22 27 4 23 2 12 38 18 15 48 43 28 10 33 41 17 44 32 31 39 49 0 35 40 19 20 7 24 21 45 47 34 42 5 6 30 37 13 1 36 11 25 46 16 29 26 14 9
497 3668.305908 3 22 8 27 4 23 2 12 18 15 48 38 43 28 10 33 41 17 44 31 32 39 49 0 35 40 19 20 24 7 21 45 47 34 42 5 6 30 37 13 1 36 11 25 46 16 29 26 14 9
507 3649.052734 3 8 22 27 4 23 2 12 38 18 15 48 43 28 10 33 41 17 44 31 32 39 49 0 35 40 19 20 7 24 21 45 47 34 42 5 6 30 37 13 1 36 11 25 46 16 29 26 14 9
527 3648.731934 3 8 22 27 4 23 2 12 38 18 15 48 43 28 10 33 41 17 44 31 32 39 49 0 35 40 19 20 7 24 21 45 47 34 42 5 6 30 37 13 1 36 11 25 46 16 29 26 9 14
563 3634.269043 3 22 8 27 4 23 2 12 38 18 15 48 43 28 10 33 41 17 44 31 32 39 49 0 35 40 19 20 7 24 21 45 47 34 42 5 6 30 37 13 1 36 11 25 46 16 29 26 9 14
610 3623.333984 3 22 8 27 4 23 2 12 38 18 15 48 28 43 10 33 41 17 44 31 32 39 49 0 35 40 19 20 7 24 21 45 47 34 42 5 6 30 37 13 1 36 11 25 46 16 29 26 14 9
617 3620.926514 3 22 8 25 4 23 2 12 38 18 15 48 28 43 10 33 41 17 44 31 32 39 49 0 35 40 19 20 7 24 21 45 47 34 42 5 6 30 37 13 1 36 11 27 46 16 29 26 14 9
626 3606.895264 3 22 8 25 4 23 2 12 38 18 15 48 28 43 10 33 41 17 44 31 32 39 49 0 35 40 19 20 7 24 21 45 47 34 42 5 6 30 37 13 1 36 11 27 16 46 29 26 14 9
695 3598.610840 3 22 8 27 16 4 23 2 12 38 18 15 48 28 43 10 33 41 17 44 31 32 39 49 0 35 40 19 20 24 7 21 45 47 34 42 5 6 30 37 13 1 36 11 25 46 29 26 14 9
727 3596.375732 3 22 8 25 4 23 2 12 38 18 15 48 28 43 10 33 41 17 44 31 32 39 49 0 35 40 19 20 24 7 21 45 47 34 42 5 6 30 37 13 1 36 11 27 16 46 29 26 9 14
871 3593.108643 3 22 27 16 4 23 2 12 38 18 15 48 28 43 10 33 41 17 44 31 32 39 49 0 35 40 19 20 24 7 21 45 47 34 42 5 6 30 37 13 1 36 11 25 8 46 29 26 14 9
890 3576.495605 3 46 27 16 4 23 2 12 38 18 15 48 28 43 10 33 41 17 44 31 32 39 49 0 35 40 19 20 24 7 21 45 47 34 42 5 6 30 37 13 1 36 11 25 8 22 29 26 14 9
950 3576.174805 3 46 27 16 4 23 2 12 38 18 15 48 28 43 10 33 41 17 44 31 32 39 49 0 35 40 19 20 24 7 21 45 47 34 42 5 6 30 37 13 1 36 11 25 8 22 29 26 9 14
1041 3563.477051 3 9 46 27 16 4 23 2 12 38 18 15 48 28 43 10 33 41 17 44 31 32 39 49 0 35 40 19 20 24 7 21 45 47 34 42 5 6 30 37 13 1 36 11 25 8 22 29 26 14
1220 3559.461670 3 9 29 26 46 27 16 4 23 2 12 38 18 15 48 28 43 10 33 41 17 44 31 32 39 49 0 35 40 19 20 24 7 21 45 47 34 42 5 6 30 37 13 1 36 11 25 8 22 14
1352 3550.595459 3 14 29 26 46 27 16 4 23 2 12 38 18 15 48 28 43 10 33 41 17 44 31 32 39 49 0 35 40 19 20 24 7 21 45 47 34 42 5 6 30 37 13 1 36 11 25 8 22 9
1411 3515.769775 49 0 35 40 19 20 24 7 21 45 47 34 42 5 6 30 37 13 1 36 11 25 8 22 3 9 14 29 26 46 27 16 4 23 2 12 38 18 15 48 28 43 10 33 41 17 44 31 32 39
1467 3501.285889 49 0 35 40 19 20 24 7 21 45 47 34 42 5 6 30 37 13 1 36 11 25 8 22 3 14 9 29 26 46 27 16 4 23 2 12 38 18 15 48 28 43 10 33 41 17 44 31 32 39
1479 3459.512451 49 0 35 40 19 20 24 7 21 45 47 34 42 5 6 30 37 13 1 36 11 25 8 22 3 14 9 26 29 46 27 16 4 23 2 12 38 18 15 48 28 43 10 33 41 17 44 31 32 39
1500 3454.035156 49 0 35 40 19 20 24 7 21 45 47 34 42 5 6 30 37 13 1 36 11 25 8 22 3 14 9 26 29 46 27 16 4 23 2 12 38 18 15 48 28 43 33 41 10 17 44 31 32 39
1647 3454.034912 48 28 43 33 41 10 17 44 31 32 39 49 0 35 40 19 20 24 7 21 45 47 34 42 5 6 30 37 13 1 36 11 25 8 22 3 14 9 26 29 46 27 16 4 23 2 12 38 18 15
1829 3454.034424 22 3 14 9 26 29 46 27 16 4 23 2 12 38 18 15 48 28 43 33 41 10 17 44 31 32 39 49 0 35 40 19 20 24 7 21 45 47 34 42 5 6 30 37 13 1 36 11 25 8
1832 3452.724121 48 28 43 33 41 10 17 44 31 32 39 49 0 35 40 19 20 24 7 21 45 47 34 42 5 6 30 37 13 1 36 11 25 8 22 3 14 9 26 29 46 27 16 4 23 18 2 12 38 15
2077 3452.723633 27 16 4 23 18 2 12 38 15 48 28 43 33 41 10 17 44 31 32 39 49 0 35 40 19 20 24 7 21 45 47 34 42 5 6 30 37 13 1 36 11 25 8 22 3 14 9 26 29 46
2166 3444.116699 34 42 5 6 30 37 13 1 36 11 25 8 22 3 14 9 26 29 46 27 16 4 23 18 2 12 38 15 48 33 41 10 17 28 43 44 31 32 39 49 0 35 40 19 20 24 7 21 45 47
2379 3398.423828 34 42 5 6 30 37 13 1 36 11 25 8 22 3 14 9 26 29 46 27 16 4 23 18 2 12 38 48 15 33 41 10 17 28 43 44 31 32 39 49 0 35 40 19 20 24 7 21 45 47
2469 3369.855957 34 42 5 6 30 37 13 1 36 11 25 8 22 3 14 9 26 29 46 27 16 4 23 18 2 12 38 48 15 33 41 10 17 43 28 44 31 32 39 49 0 35 40 19 20 24 7 21 45 47
2501 3369.855469 46 27 16 4 23 18 2 12 38 48 15 33 41 10 17 43 28 44 31 32 39 49 0 35 40 19 20 24 7 21 45 47 34 42 5 6 30 37 13 1 36 11 25 8 22 3 14 9 26 29
fitnesses
12926.5
12292.6
11923.3
11642
11423.7
10777.4
10333.7
10000.4
10000.4
9797.84
9473.03
9251.15
9251.15
8519.03
8519.03
8473.2
8286.78
8286.78
8252.55
8242.3
8014.2
8000.27
7809.38
7809.38
7692.18
7692.18
7692.18
7554.61
7542.1
7263.66
7218.15
7218.15
7212.72
6866.49
6813.11
6766.58
6766.58
6705.64
6520.91
6520.91
6336.86
6336.86
6280.61
6078
6055.66
5990.68
5921.12
5921.12
5921.12
5921.12
5921.12
5921.12
5726.88
5726.88
5704.56
5704.56
5704.56
5704.56
5638.98
5638.98
5638.98
5638.98
5626.64
5626.64
5485.91
5485.91
5485.91
5485.91
5485.91
5485.91
5485.91
5485.91
5485.91
5485.91
5485.91
5485.91
5485.91
5485.91
5445.76
5445.76
5445.76
5445.76
5445.76
5445.76
5445.76
5445.76
5445.76
5445.76
5445.76
5445.76
5445.76
5445.76
5410.49
5368.1
5368.1
5368.1
5368.1
5343.55
5343.55
5343.55
5343.55
5276.53
5256.85
5256.85
5256.85
5248.12
5248.12
5248.12
5248.12
5248.12
5248.12
5248.12
5128.86
5128.86
5128.86
5128.86
5121.44
5121.44
5121.44
5121.44
5121.44
5121.44
5121.44
5121.44
5121.44
5101.71
5101.71
5054.36
5054.36
5054.36
5054.36
5054.36
5054.36
5054.36
5054.36
5054.36
5054.36
5054.36
5054.36
5054.36
5054.36
5018.33
5018.33
5018.33
5018.33
5018.33
5018.33
5018.33
5018.33
5005.59
5005.59
5005.59
5005.59
5000.73
5000.73
4984.12
4984.12
4984.12
4975.16
4975.16
4975.16
4936.11
4936.11
4936.11
4936.11
4819.31
4819.31
4819.31
4819.31
4819.31
4819.31
4819.31
4819.31
4819.31
4819.31
4819.31
4819.31
4819.31
4819.31
4755.02
4755.02
4755.02
4755.02
4755.02
4590.47
4590.47
4590.47
4572.35
4572.35
4572.35
4558.5
4558.5
4558.5
4433.36
4433.36
4433.36
4433.36
4433.36
4433.36
4433.36
4433.36
4433.36
4433.36
4433.36
4433.36
4433.36
4396.28
4384.86
4384.86
4384.86
4384.86
4384.86
4384.86
4384.86
4370.38
4370.38
4361.02
4356.89
4356.89
4356.89
4356.89
4356.89
4356.89
4288.54
4288.54
4288.54
4288.54
4288.54
4288.54
4288.54
4288.54
4288.54
4288.54
4241.39
4241.39
4241.39
4241.39
4241.39
4205.76
4205.76
4145.86
4145.86
4145.86
4145.86
4145.86
4145.86
4145.86
4145.86
4145.86
4145.86
4145.86
4145.86
4145.86
4145.86
4145.86
4145.86
4145.86
4145.86
4105.51
4105.51
4105.51
4105.51
4105.51
4105.51
4105.51
4105.51
4105.51
4105.51
4105.51
4105.51
4105.51
4105.51
4105.51
4105.51
4105.51
4105.51
4105.51
4105.51
4105.51
4105.51
4011.71
3988.84
3988.84
3988.84
3988.84
3988.84
3988.84
3988.84
3988.84
3988.84
3988.84
3988.84
3988.84
3988.84
3988.84
3988.84
3988.84
3988.84
3988.84
3985.63
3985.63
3985.63
3985.63
3985.63
3985.63
3985.63
3985.63
3985.63
3974.37
3974.37
3974.37
3974.37
3974.37
3974.37
3974.37
3974.37
3974.37
3974.37
3974.37
3974.37
3974.37
3974.37
3974.37
3974.37
3974.37
3974.37
3974.37
3959.53
3959.53
3959.53
3956.32
3952.01
3952.01
3952.01
3952.01
3952.01
3952.01
3952.01
3952.01
3952.01
3952.01
3947.27
3947.27
3947.27
3947.27
3947.27
3947.27
3945.56
3945.56
3923.08
3923.08
3923.08
3923.08
3923.08
3923.08
3923.08
3923.08
3923.08
3898.41
3898.41
3898.41
3898.41
3898.41
3898.41
3898.41
3898.41
3898.41
3898.41
3898.41
3898.41
3898.41
3898.41
3898.41
3898.41
3887.53
3887.53
3887.53
3887.53
3887.53
3887.53
3887.53
3887.53
3842.21
3842.21
3842.21
3842.21
3842.21
3842.21
3842.21
3833.93
3804.62
3804.62
3804.62
3804.62
3804.62
3804.62
3804.62
3784.2
3784.2
3784.2
3784.2
3784.2
3784.2
3784.2
3784.2
3784.2
3784.2
3784.2
3769.36
3769.36
3769.36
3769.36
3769.36
3769.36
3769.36
3769.36
3769.36
3769.36
3769.36
3769.36
3769.36
3769.36
3769.36
3769.36
3769.36
3769.36
3769.36
3755.33
3755.33
3755.33
3755.33
3755.33
3755.33
3755.33
3755.33
3755.33
3755.33
3755.33
3755.33
3755.33
3755.33
3755.33
3755.33
3755.33
3733.6
3733.6
3733.6
3733.6
3733.6
3733.6
3733.6
3733.6
3733.6
3733.6
3733.6
3733.6
3733.6
3733.6
3733.6
3733.6
3733.6
3733.6
3733.6
3733.6
3733.6
3733.6
3733.6
3733.6
3733.6
3733.6
3733.6
3733.6
3733.6
3702.89
3702.89
3702.89
3702.89
3702.89
3702.89
3702.89
3702.89
3702.89
3702.89
3702.89
3702.89
3702.89
3702.89
3702.89
3702.56
3702.56
3702.56
3683.63
3683.63
3683.63
3683.63
3683.63
3668.31
3668.31
3668.31
3668.31
3668.31
3668.31
3668.31
3668.31
3668.31
3668.31
3649.05
3649.05
3649.05
3649.05
3649.05
3649.05
3649.05
3649.05
3649.05
3649.05
3649.05
3649.05
3649.05
3649.05
3649.05
3649.05
3649.05
3649.05
3649.05
3649.05
3648.73
3648.73
3648.73
3648.73
3648.73
3648.73
3648.73
3648.73
3648.73
3648.73
3648.73
3648.73
3648.73
3648.73
3648.73
3648.73
3648.73
3648.73
3648.73
3648.73
3648.73
3648.73
3648.73
3648.73
3648.73
3648.73
3648.73
3648.73
3648.73
3648.73
3648.73
3648.73
3648.73
3648.73
3648.73
3648.73
3634.27
3634.27
3634.27
3634.27
3634.27
3634.27
3634.27
3634.27
3634.27
3634.27
3634.27
3634.27
3634.27
3634.27
3634.27
3634.27
3634.27
3634.27
3634.27
3634.27
3634.27
3634.27
3634.27
3634.27
3634.27
3634.27
3634.27
3634.27
3634.27
3634.27
3634.27
3634.27
3634.27
3634.27
3634.27
3634.27
3634.27
3634.27
3634.27
3634.27
3634.27
3634.27
3634.27
3634.27
3634.27
3634.27
3634.27
3623.33
3623.33
3623.33
3623.33
3623.33
3623.33
3623.33
3620.93
3620.93
3620.93
3620.93
3620.93
3620.93
3620.93
3620.93
3620.93
3606.9
3606.9
3606.9
3606.9
3606.9
3606.9
3606.9
3606.9
3606.9
3606.9
3606.9
3606.9
3606.9
3606.9
3606.9
3606.9
3606.9
3606.9
3606.9
3606.9
3606.9
3606.9
3606.9
3606.9
3606.9
3606.9
3606.9
3606.9
3606.9
3606.9
3606.9
3606.9
3606.9
3606.9
3606.9
3606.9
3606.9
3606.9
3606.9
3606.9
3606.9
3606.9
3606.9
3606.9
3606.9
3606.9
3606.9
3606.9
3606.9
3606.9
3606.9
3606.9
3606.9
3606.9
3606.9
3606.9
3606.9
3606.9
3606.9
3606.9
3606.9
3606.9
3606.9
3606.9
3606.9
3606.9
3606.9
3606.9
3606.9
3598.61
3598.61
3598.61
3598.61
3598.61
3598.61
3598.61
3598.61
3598.61
3598.61
3598.61
3598.61
3598.61
3598.61
3598.61
3598.61
3598.61
3598.61
3598.61
3598.61
3598.61
3598.61
3598.61
3598.61
3598.61
3598.61
3598.61
3598.61
3598.61
3598.61
3598.61
3598.61
3596.38
3596.38
3596.38
3596.38
3596.38
3596.38
3596.38
3596.38
3596.38
3596.38
3596.38
3596.38
3596.38
3596.38
3596.38
3596.38
3596.38
3596.38
3596.38
3596.38
3596.38
3596.38
3596.38
3596.38
3596.38
3596.38
3596.38
3596.38
3596.38
3596.38
3596.38
3596.38
3596.38
3596.38
3596.38
3596.38
3596.38
3596.38
3596.38
3596.38
3596.38
3596.38
3596.38
3596.38
3596.38
3596.38
3596.38
3596.38
3596.38
3596.38
3596.38
3596.38
3596.38
3596.38
3596.38
3596.38
3596.38
3596.38
3596.38
3596.38
3596.38
3596.38
3596.38
3596.38
3596.38
3596.38
3596.38
3596.38
3596.38
3596.38
3596.38
3596.38
3596.38
3596.38
3596.38
3596.38
3596.38
3596.38
3596.38
3596.38
3596.38
3596.38
3596.38
3596.38
3596.38
3596.38
3596.38
3596.38
3596.38
3596.38
3596.38
3596.38
3596.38
3596.38
3596.38
3596.38
3596.38
3596.38
3596.38
3596.38
3596.38
3596.38
3596.38
3596.38
3596.38
3596.38
3596.38
3596.38
3596.38
3596.38
3596.38
3596.38
3596.38
3596.38
3596.38
3596.38
3596.38
3596.38
3596.38
3596.38
3596.38
3596.38
3596.38
3596.38
3596.38
3596.38
3596.38
3596.38
3596.38
3596.38
3596.38
3596.38
3596.38
3596.38
3596.38
3596.38
3596.38
3596.38
3596.38
3596.38
3596.38
3596.38
3596.38
3596.38
3593.11
3593.11
3593.11
3593.11
3593.11
3593.11
3593.11
3593.11
3593.11
3593.11
3593.11
3593.11
3593.11
3593.11
3593.11
3593.11
3593.11
3593.11
3593.11
3576.5
3576.5
3576.5
3576.5
3576.5
3576.5
3576.5
3576.5
3576.5
3576.5
3576.5
3576.5
3576.5
3576.5
3576.5
3576.5
3576.5
3576.5
3576.5
3576.5
3576.5
3576.5
3576.5
3576.5
3576.5
3576.5
3576.5
3576.5
3576.5
3576.5
3576.5
3576.5
3576.5
3576.5
3576.5
3576.5
3576.5
3576.5
3576.5
3576.5
3576.5
3576.5
3576.5
3576.5
3576.5
3576.5
3576.5
3576.5
3576.5
3576.5
3576.5
3576.5
3576.5
3576.5
3576.5
3576.5
3576.5
3576.5
3576.5
3576.5
3576.17
3576.17
3576.17
3576.17
3576.17
3576.17
3576.17
3576.17
3576.17
3576.17
3576.17
3576.17
3576.17
3576.17
3576.17
3576.17
3576.17
3576.17
3576.17
3576.17
3576.17
3576.17
3576.17
3576.17
3576.17
3576.17
3576.17
3576.17
3576.17
3576.17
3576.17
3576.17
3576.17
3576.17
3576.17
3576.17
3576.17
3576.17
3576.17
3576.17
3576.17
3576.17
3576.17
3576.17
3576.17
3576.17
3576.17
3576.17
3576.17
3576.17
3576.17
3576.17
3576.17
3576.17
3576.17
3576.17
3576.17
3576.17
3576.17
3576.17
3576.17
3576.17
3576.17
3576.17
3576.17
3576.17
3576.17
3576.17
3576.17
3576.17
3576.17
3576.17
3576.17
3576.17
3576.17
3576.17
3576.17
3576.17
3576.17
3576.17
3576.17
3576.17
3576.17
3576.17
3576.17
3576.17
3576.17
3576.17
3576.17
3576.17
3576.17
3563.48
3563.48
3563.48
3563.48
3563.48
3563.48
3563.48
3563.48
3563.48
3563.48
3563.48
3563.48
3563.48
3563.48
3563.48
3563.48
3563.48
3563.48
3563.48
3563.48
3563.48
3563.48
3563.48
3563.48
3563.48
3563.48
3563.48
3563.48
3563.48
3563.48
3563.48
3563.48
3563.48
3563.48
3563.48
3563.48
3563.48
3563.48
3563.48
3563.48
3563.48
3563.48
3563.48
3563.48
3563.48
3563.48
3563.48
3563.48
3563.48
3563.48
3563.48
3563.48
3563.48
3563.48
3563.48
3563.48
3563.48
3563.48
3563.48
3563.48
3563.48
3563.48
3563.48
3563.48
3563.48
3563.48
3563.48
3563.48
3563.48
3563.48
3563.48
3563.48
3563.48
3563.48
3563.48
3563.48
3563.48
3563.48
3563.48
3563.48
3563.48
3563.48
3563.48
3563.48
3563.48
3563.48
3563.48
3563.48
3563.48
3563.48
3563.48
3563.48
3563.48
3563.48
3563.48
3563.48
3563.48
3563.48
3563.48
3563.48
3563.48
3563.48
3563.48
3563.48
3563.48
3563.48
3563.48
3563.48
3563.48
3563.48
3563.48
3563.48
3563.48
3563.48
3563.48
3563.48
3563.48
3563.48
3563.48
3563.48
3563.48
3563.48
3563.48
3563.48
3563.48
3563.48
3563.48
3563.48
3563.48
3563.48
3563.48
3563.48
3563.48
3563.48
3563.48
3563.48
3563.48
3563.48
3563.48
3563.48
3563.48
3563.48
3563.48
3563.48
3563.48
3563.48
3563.48
3563.48
3563.48
3563.48
3563.48
3563.48
3563.48
3563.48
3563.48
3563.48
3563.48
3563.48
3563.48
3563.48
3563.48
3563.48
3563.48
3563.48
3563.48
3563.48
3563.48
3563.48
3563.48
3563.48
3563.48
3563.48
3563.48
3563.48
3563.48
3563.48
3563.48
3563.48
3563.48
3559.46
3559.46
3559.46
3559.46
3559.46
3559.46
3559.46
3559.46
3559.46
3559.46
3559.46
3559.46
3559.46
3559.46
3559.46
3559.46
3559.46
3559.46
3559.46
3559.46
3559.46
3559.46
3559.46
3559.46
3559.46
3559.46
3559.46
3559.46
3559.46
3559.46
3559.46
3559.46
3559.46
3559.46
3559.46
3559.46
3559.46
3559.46
3559.46
3559.46
3559.46
3559.46
3559.46
3559.46
3559.46
3559.46
3559.46
3559.46
3559.46
3559.46
3559.46
3559.46
3559.46
3559.46
3559.46
3559.46
3559.46
3559.46
3559.46
3559.46
3559.46
3559.46
3559.46
3559.46
3559.46
3559.46
3559.46
3559.46
3559.46
3559.46
3559.46
3559.46
3559.46
3559.46
3559.46
3559.46
3559.46
3559.46
3559.46
3559.46
3559.46
3559.46
3559.46
3559.46
3559.46
3559.46
3559.46
3559.46
3559.46
3559.46
3559.46
3559.46
3559.46
3559.46
3559.46
3559.46
3559.46
3559.46
3559.46
3559.46
3559.46
3559.46
3559.46
3559.46
3559.46
3559.46
3559.46
3559.46
3559.46
3559.46
3559.46
3559.46
3559.46
3559.46
3559.46
3559.46
3559.46
3559.46
3559.46
3559.46
3559.46
3559.46
3559.46
3559.46
3559.46
3559.46
3559.46
3559.46
3559.46
3559.46
3559.46
3559.46
3550.6
3550.6
3550.6
3550.6
3550.6
3550.6
3550.6
3550.6
3550.6
3550.6
3550.6
3550.6
3550.6
3550.6
3550.6
3550.6
3550.6
3550.6
3550.6
3550.6
3550.6
3550.6
3550.6
3550.6
3550.6
3550.6
3550.6
3550.6
3550.6
3550.6
3550.6
3550.6
3550.6
3550.6
3550.6
3550.6
3550.6
3550.6
3550.6
3550.6
3550.6
3550.6
3550.6
3550.6
3550.6
3550.6
3550.6
3550.6
3550.6
3550.6
3550.6
3550.6
3550.6
3550.6
3550.6
3550.6
3550.6
3550.6
3550.6
3515.77
3515.77
3515.77
3515.77
3515.77
3515.77
3515.77
3515.77
3515.77
3515.77
3515.77
3515.77
3515.77
3515.77
3515.77
3515.77
3515.77
3515.77
3515.77
3515.77
3515.77
3515.77
3515.77
3515.77
3515.77
3515.77
3515.77
3515.77
3515.77
3515.77
3515.77
3515.77
3515.77
3515.77
3515.77
3515.77
3515.77
3515.77
3515.77
3515.77
3515.77
3515.77
3515.77
3515.77
3515.77
3515.77
3515.77
3515.77
3515.77
3515.77
3515.77
3515.77
3515.77
3515.77
3515.77
3515.77
3501.29
3501.29
3501.29
3501.29
3501.29
3501.29
3501.29
3501.29
3501.29
3501.29
3501.29
3501.29
3459.51
3459.51
3459.51
3459.51
3459.51
3459.51
3459.51
3459.51
3459.51
3459.51
3459.51
3459.51
3459.51
3459.51
3459.51
3459.51
3459.51
3459.51
3459.51
3459.51
3459.51
3454.04
3454.04
3454.04
3454.04
3454.04
3454.04
3454.04
3454.04
3454.04
3454.04
3454.04
3454.04
3454.04
3454.04
3454.04
3454.04
3454.04
3454.04
3454.04
3454.04
3454.04
3454.04
3454.04
3454.04
3454.04
3454.04
3454.04
3454.04
3454.04
3454.04
3454.04
3454.04
3454.04
3454.04
3454.04
3454.04
3454.04
3454.04
3454.04
3454.04
3454.04
3454.04
3454.04
3454.04
3454.04
3454.04
3454.04
3454.04
3454.04
3454.04
3454.04
3454.04
3454.04
3454.04
3454.04
3454.04
3454.04
3454.04
3454.04
3454.04
3454.04
3454.04
3454.04
3454.04
3454.04
3454.04
3454.04
3454.04
3454.04
3454.04
3454.04
3454.04
3454.04
3454.04
3454.04
3454.04
3454.04
3454.04
3454.04
3454.04
3454.04
3454.04
3454.04
3454.04
3454.04
3454.04
3454.04
3454.04
3454.04
3454.04
3454.04
3454.04
3454.04
3454.04
3454.04
3454.04
3454.04
3454.04
3454.04
3454.04
3454.04
3454.04
3454.04
3454.04
3454.04
3454.04
3454.04
3454.04
3454.04
3454.04
3454.04
3454.04
3454.04
3454.04
3454.04
3454.04
3454.04
3454.04
3454.04
3454.04
3454.04
3454.04
3454.04
3454.04
3454.04
3454.04
3454.04
3454.04
3454.04
3454.04
3454.04
3454.04
3454.04
3454.04
3454.04
3454.04
3454.04
3454.04
3454.04
3454.04
3454.04
3454.04
3454.04
3454.04
3454.04
3454.04
3454.04
3454.03
3454.03
3454.03
3454.03
3454.03
3454.03
3454.03
3454.03
3454.03
3454.03
3454.03
3454.03
3454.03
3454.03
3454.03
3454.03
3454.03
3454.03
3454.03
3454.03
3454.03
3454.03
3454.03
3454.03
3454.03
3454.03
3454.03
3454.03
3454.03
3454.03
3454.03
3454.03
3454.03
3454.03
3454.03
3454.03
3454.03
3454.03
3454.03
3454.03
3454.03
3454.03
3454.03
3454.03
3454.03
3454.03
3454.03
3454.03
3454.03
3454.03
3454.03
3454.03
3454.03
3454.03
3454.03
3454.03
3454.03
3454.03
3454.03
3454.03
3454.03
3454.03
3454.03
3454.03
3454.03
3454.03
3454.03
3454.03
3454.03
3454.03
3454.03
3454.03
3454.03
3454.03
3454.03
3454.03
3454.03
3454.03
3454.03
3454.03
3454.03
3454.03
3454.03
3454.03
3454.03
3454.03
3454.03
3454.03
3454.03
3454.03
3454.03
3454.03
3454.03
3454.03
3454.03
3454.03
3454.03
3454.03
3454.03
3454.03
3454.03
3454.03
3454.03
3454.03
3454.03
3454.03
3454.03
3454.03
3454.03
3454.03
3454.03
3454.03
3454.03
3454.03
3454.03
3454.03
3454.03
3454.03
3454.03
3454.03
3454.03
3454.03
3454.03
3454.03
3454.03
3454.03
3454.03
3454.03
3454.03
3454.03
3454.03
3454.03
3454.03
3454.03
3454.03
3454.03
3454.03
3454.03
3454.03
3454.03
3454.03
3454.03
3454.03
3454.03
3454.03
3454.03
3454.03
3454.03
3454.03
3454.03
3454.03
3454.03
3454.03
3454.03
3454.03
3454.03
3454.03
3454.03
3454.03
3454.03
3454.03
3454.03
3454.03
3454.03
3454.03
3454.03
3454.03
3454.03
3454.03
3454.03
3454.03
3454.03
3454.03
3454.03
3454.03
3454.03
3454.03
3454.03
3454.03
3454.03
3454.03
3454.03
3454.03
3454.03
3454.03
3452.72
3452.72
3452.72
3452.72
3452.72
3452.72
3452.72
3452.72
3452.72
3452.72
3452.72
3452.72
3452.72
3452.72
3452.72
3452.72
3452.72
3452.72
3452.72
3452.72
3452.72
3452.72
3452.72
3452.72
3452.72
3452.72
3452.72
3452.72
3452.72
3452.72
3452.72
3452.72
3452.72
3452.72
3452.72
3452.72
3452.72
3452.72
3452.72
3452.72
3452.72
3452.72
3452.72
3452.72
3452.72
3452.72
3452.72
3452.72
3452.72
3452.72
3452.72
3452.72
3452.72
3452.72
3452.72
3452.72
3452.72
3452.72
3452.72
3452.72
3452.72
3452.72
3452.72
3452.72
3452.72
3452.72
3452.72
3452.72
3452.72
3452.72
3452.72
3452.72
3452.72
3452.72
3452.72
3452.72
3452.72
3452.72
3452.72
3452.72
3452.72
3452.72
3452.72
3452.72
3452.72
3452.72
3452.72
3452.72
3452.72
3452.72
3452.72
3452.72
3452.72
3452.72
3452.72
3452.72
3452.72
3452.72
3452.72
3452.72
3452.72
3452.72
3452.72
3452.72
3452.72
3452.72
3452.72
3452.72
3452.72
3452.72
3452.72
3452.72
3452.72
3452.72
3452.72
3452.72
3452.72
3452.72
3452.72
3452.72
3452.72
3452.72
3452.72
3452.72
3452.72
3452.72
3452.72
3452.72
3452.72
3452.72
3452.72
3452.72
3452.72
3452.72
3452.72
3452.72
3452.72
3452.72
3452.72
3452.72
3452.72
3452.72
3452.72
3452.72
3452.72
3452.72
3452.72
3452.72
3452.72
3452.72
3452.72
3452.72
3452.72
3452.72
3452.72
3452.72
3452.72
3452.72
3452.72
3452.72
3452.72
3452.72
3452.72
3452.72
3452.72
3452.72
3452.72
3452.72
3452.72
3452.72
3452.72
3452.72
3452.72
3452.72
3452.72
3452.72
3452.72
3452.72
3452.72
3452.72
3452.72
3452.72
3452.72
3452.72
3452.72
3452.72
3452.72
3452.72
3452.72
3452.72
3452.72
3452.72
3452.72
3452.72
3452.72
3452.72
3452.72
3452.72
3452.72
3452.72
3452.72
3452.72
3452.72
3452.72
3452.72
3452.72
3452.72
3452.72
3452.72
3452.72
3452.72
3452.72
3452.72
3452.72
3452.72
3452.72
3452.72
3452.72
3452.72
3452.72
3452.72
3452.72
3452.72
3452.72
3452.72
3452.72
3452.72
3452.72
3452.72
3452.72
3452.72
3452.72
3452.72
3452.72
3452.72
3452.72
3452.72
3452.72
3452.72
3452.72
3452.72
3452.72
3452.72
3452.72
3452.72
3452.72
3452.72
3452.72
3452.72
3452.72
3452.72
3452.72
3452.72
3452.72
3452.72
3452.72
3452.72
3452.72
3452.72
3452.72
3452.72
3452.72
3452.72
3452.72
3452.72
3452.72
3452.72
3452.72
3452.72
3452.72
3452.72
3452.72
3452.72
3452.72
3452.72
3452.72
3452.72
3452.72
3452.72
3452.72
3452.72
3452.72
3452.72
3452.72
3452.72
3452.72
3452.72
3452.72
3452.72
3452.72
3452.72
3452.72
3452.72
3452.72
3452.72
3452.72
3452.72
3452.72
3452.72
3452.72
3452.72
3452.72
3452.72
3452.72
3452.72
3452.72
3452.72
3452.72
3452.72
3452.72
3452.72
3452.72
3452.72
3452.72
3452.72
3452.72
3452.72
3452.72
3452.72
3452.72
3452.72
3452.72
3452.72
3452.72
3452.72
3452.72
3452.72
3452.72
3452.72
3452.72
3452.72
3452.72
3452.72
3452.72
3444.12
3444.12
3444.12
3444.12
3444.12
3444.12
3444.12
3444.12
3444.12
3444.12
3444.12
3444.12
3444.12
3444.12
3444.12
3444.12
3444.12
3444.12
3444.12
3444.12
3444.12
3444.12
3444.12
3444.12
3444.12
3444.12
3444.12
3444.12
3444.12
3444.12
3444.12
3444.12
3444.12
3444.12
3444.12
3444.12
3444.12
3444.12
3444.12
3444.12
3444.12
3444.12
3444.12
3444.12
3444.12
3444.12
3444.12
3444.12
3444.12
3444.12
3444.12
3444.12
3444.12
3444.12
3444.12
3444.12
3444.12
3444.12
3444.12
3444.12
3444.12
3444.12
3444.12
3444.12
3444.12
3444.12
3444.12
3444.12
3444.12
3444.12
3444.12
3444.12
3444.12
3444.12
3444.12
3444.12
3444.12
3444.12
3444.12
3444.12
3444.12
3444.12
3444.12
3444.12
3444.12
3444.12
3444.12
3444.12
3444.12
3444.12
3444.12
3444.12
3444.12
3444.12
3444.12
3444.12
3444.12
3444.12
3444.12
3444.12
3444.12
3444.12
3444.12
3444.12
3444.12
3444.12
3444.12
3444.12
3444.12
3444.12
3444.12
3444.12
3444.12
3444.12
3444.12
3444.12
3444.12
3444.12
3444.12
3444.12
3444.12
3444.12
3444.12
3444.12
3444.12
3444.12
3444.12
3444.12
3444.12
3444.12
3444.12
3444.12
3444.12
3444.12
3444.12
3444.12
3444.12
3444.12
3444.12
3444.12
3444.12
3444.12
3444.12
3444.12
3444.12
3444.12
3444.12
3444.12
3444.12
3444.12
3444.12
3444.12
3444.12
3444.12
3444.12
3444.12
3444.12
3444.12
3444.12
3444.12
3444.12
3444.12
3444.12
3444.12
3444.12
3444.12
3444.12
3444.12
3444.12
3444.12
3444.12
3444.12
3444.12
3444.12
3444.12
3444.12
3444.12
3444.12
3444.12
3444.12
3444.12
3444.12
3444.12
3444.12
3444.12
3444.12
3444.12
3444.12
3444.12
3444.12
3444.12
3444.12
3444.12
3444.12
3444.12
3444.12
3444.12
3444.12
3444.12
3444.12
3444.12
3444.12
3444.12
3444.12
3444.12
3444.12
3444.12
3444.12
3444.12
3444.12
3444.12
3444.12
3444.12
3398.42
3398.42
3398.42
3398.42
3398.42
3398.42
3398.42
3398.42
3398.42
3398.42
3398.42
3398.42
3398.42
3398.42
3398.42
3398.42
3398.42
3398.42
3398.42
3398.42
3398.42
3398.42
3398.42
3398.42
3398.42
3398.42
3398.42
3398.42
3398.42
3398.42
3398.42
3398.42
3398.42
3398.42
3398.42
3398.42
3398.42
3398.42
3398.42
3398.42
3398.42
3398.42
3398.42
3398.42
3398.42
3398.42
3398.42
3398.42
3398.42
3398.42
3398.42
3398.42
3398.42
3398.42
3398.42
3398.42
3398.42
3398.42
3398.42
3398.42
3398.42
3398.42
3398.42
3398.42
3398.42
3398.42
3398.42
3398.42
3398.42
3398.42
3398.42
3398.42
3398.42
3398.42
3398.42
3398.42
3398.42
3398.42
3398.42
3398.42
3398.42
3398.42
3398.42
3398.42
3398.42
3398.42
3398.42
3398.42
3398.42
3398.42
3369.86
3369.86
3369.86
3369.86
3369.86
3369.86
3369.86
3369.86
3369.86
3369.86
3369.86
3369.86
3369.86
3369.86
3369.86
3369.86
3369.86
3369.86
3369.86
3369.86
3369.86
3369.86
3369.86
3369.86
3369.86
3369.86
3369.86
3369.86
3369.86
3369.86
3369.86
3369.86
3369.86
3369.86
3369.86
3369.86
3369.86
3369.86
3369.86
3369.86
3369.86
3369.86
3369.86
3369.86
3369.86
3369.86
3369.86
3369.86
3369.86
3369.86
3369.86
3369.86
3369.86
3369.86
3369.86
3369.86
3369.86
3369.86
3369.86
3369.86
3369.86
3369.86
3369.86
3369.86
3369.86
3369.86
3369.86
3369.86
3369.86
3369.86
3369.86
3369.86
3369.86
3369.86
3369.86
3369.86
3369.86
3369.86
3369.86
3369.86
3369.86
3369.86
3369.86
3369.86
3369.86
3369.86
3369.86
3369.86
3369.86
3369.86
3369.86
3369.86
3369.86
3369.86
3369.86
3369.86
3369.86
3369.86
3369.86
3369.86
3369.86
3369.86
3369.86
3369.86
3369.86
3369.86
3369.86
3369.86
3369.86
3369.86
3369.86
3369.86
3369.86
3369.86
3369.86
3369.86
3369.86
3369.86
3369.86
3369.86
3369.86
3369.86
3369.86
3369.86
3369.86
3369.86
3369.86
3369.86
3369.86
3369.86
3369.86
3369.86
3369.86
3369.86
3369.86
3369.86
3369.86
3369.86
3369.86
3369.86
3369.86
3369.86
3369.86
3369.86
3369.86
3369.86
3369.86
3369.86
3369.86
3369.86
3369.86
3369.86
3369.86
3369.86
3369.86
3369.86
3369.86
3369.86
3369.86
3369.86
3369.86
3369.86
3369.86
3369.86
3369.86
3369.86
3369.86
3369.86
3369.86
3369.86
3369.86
3369.86
3369.86
3369.86
3369.86
3369.86
3369.86
3369.86
3369.86
3369.86
3369.86
3369.86
3369.86
3369.86
3369.86
3369.86
3369.86
3369.86
3369.86
3369.86
3369.86
3369.86
3369.86
3369.86
3369.86
3369.86
3369.86
3369.86
3369.86
3369.86
3369.86
3369.86
3369.86
3369.86
3369.86
3369.86
3369.86
3369.86
3369.86
3369.86
3369.86
3369.86
3369.86
3369.86
3369.86
3369.86
3369.86
3369.86
3369.86
3369.86
3369.86
3369.86
3369.86
3369.86
3369.86
3369.86
3369.86
3369.86
3369.86
3369.86
3369.86
3369.86
3369.86
3369.86
3369.86
3369.86
3369.86
3369.86
3369.86
3369.86
3369.86
3369.86
3369.86
3369.86
3369.86
3369.86
3369.86
3369.86
3369.86
3369.86
3369.86
3369.86
3369.86
3369.86
3369.86
3369.86
3369.86
3369.86
3369.86
3369.86
3369.86
3369.86
3369.86
3369.86
3369.86
3369.86
3369.86
3369.86
3369.86
3369.86
3369.86
3369.86
3369.86
3369.86
3369.86
3369.86
3369.86
3369.86
3369.86
3369.86
3369.86
3369.86
3369.86
3369.86
3369.86
3369.86
3369.86
3369.86
3369.86
3369.86
3369.86
3369.86
3369.86
3369.86
3369.86
3369.86
3369.86
3369.86
3369.86
3369.86
3369.86
3369.86
3369.86
3369.86
3369.86
3369.86
3369.86
3369.86
3369.86
3369.86
3369.86
3369.86
3369.86
3369.86
3369.86
3369.86
3369.86
3369.86
3369.86
3369.86
3369.86
3369.86
3369.86
3369.86
3369.86
3369.86
3369.86
3369.86
3369.86
3369.86
3369.86
3369.86
3369.86
3369.86
3369.86
3369.86
3369.86
3369.86
3369.86
3369.86
3369.86
3369.86
3369.86
3369.86
3369.86
3369.86
3369.86
3369.86
3369.86
3369.86
3369.86
3369.86
3369.86
3369.86
3369.86
3369.86
3369.86
3369.86
3369.86
3369.86
3369.86
3369.86
3369.86
3369.86
3369.86
3369.86
3369.86
3369.86
3369.86
3369.86
3369.86
3369.86
3369.86
3369.86
3369.86
3369.86
3369.86
3369.86
3369.86
3369.86
3369.86
3369.86
3369.86
3369.86
3369.86
3369.86
3369.86
3369.86
3369.86
3369.86
3369.86
3369.86
3369.86
3369.86
3369.86
3369.86
3369.86
3369.86
3369.86
3369.86
3369.86
3369.86
3369.86
3369.86
3369.86
3369.86
3369.86
3369.86
3369.86
3369.86
3369.86
3369.86
3369.86
3369.86
3369.86
3369.86
3369.86
3369.86
3369.86
3369.86
3369.86
3369.86
3369.86
3369.86
3369.86
3369.86
3369.86
3369.86
3369.86
3369.86
3369.86
3369.86
3369.86
3369.86
3369.86
3369.86
3369.86
3369.86
3369.86
3369.86
3369.86
3369.86
3369.86
3369.86
3369.86
3369.86
3369.86
3369.86
3369.86
3369.86
3369.86
3369.86
3369.86
3369.86
3369.86
3369.86
3369.86
3369.86
3369.86
3369.86
3369.86
3369.86
3369.86
3369.86
3369.86
3369.86
3369.86
3369.86
3369.86
3369.86
3369.86
3369.86
3369.86
3369.86
3369.86
3369.86
3369.86
3369.86
3369.86
3369.86
3369.86
3369.86
3369.86
3369.86
3369.86
3369.86
3369.86
3369.86
3369.86
3369.86
3369.86
3369.86
3369.86
3369.86
3369.86
3369.86
3369.86
3369.86
3369.86
3369.86
3369.86
3369.86
3369.86
3369.86
3369.86
3369.86
3369.86
3369.86
3369.86
3369.86
3369.86
3369.86
3369.86
3369.86
3369.86
3369.86
3369.86
3369.86
3369.86
3369.86
3369.86
3369.86
3369.86
3369.86
3369.86
3369.86
3369.86
3369.86
3369.86
3369.86
3369.86
3369.86