points
374 103
307 410
288 385
181 21
561 536
72 565
510 366
235 390
311 293
117 173
213 144
49 78
10 417
104 560
133 345
355 322
438 442
554 66
402 496
450 524
561 345
300 226
106 117
255 470
275 313
386 404
403 101
273 75
110 459
577 428
82 540
429 62
124 268
452 338
393 567
403 204
358 59
191 510
11 60
278 256
340 534
90 204
83 119
210 336
316 506
588 128
30 327
18 234
386 515
197 352
281 14
31 134
48 464
242 233
182 544
174 101
305 28
128 588
192 300
355 127
genomes
1 15325.125977 16 48 17 49 37 5 57 15 31 7 26 46 4 30 12 9 55 39 0 8 25 19 51 43 13 59 3 32 20 29 34 2 1 52 54 23 21 44 28 18 40 24 22 53 27 6 41 10 35 45 36 33 47 42 38 56 11 58 14 50
2 14936.600586 16 48 33 49 37 5 57 35 31 7 26 46 19 30 12 9 55 39 0 8 25 4 51 43 13 59 3 32 20 29 34 2 1 52 54 23 21 44 28 18 40 24 22 53 27 6 41 10 15 45 36 17 47 42 38 56 11 58 14 50
3 14207.318359 16 48 33 49 37 5 57 35 31 7 26 46 21 30 12 9 55 45 0 8 25 4 24 43 13 59 3 32 20 29 34 2 1 52 54 23 19 44 28 18 40 51 22 53 27 6 41 10 15 39 36 17 47 42 38 56 11 58 14 50
4 13619.081055 20 31 6 41 12 44 25 23 46 2 53 42 43 39 15 35 55 28 19 21 47 8 58 22 32 57 54 14 50 0 26 1 16 18 40 34 33 7 30 27 56 36 38 51 3 5 13 37 29 4 24 11 52 10 59 9 49 48 17 45
6 13357.164063 20 31 6 41 12 44 25 7 21 2 53 42 43 39 15 35 55 28 19 46 47 8 58 22 32 57 54 14 50 0 26 1 16 18 40 34 33 23 30 27 56 36 38 51 3 5 13 37 29 4 24 11 52 10 59 9 49 48 17 45
7 13184.580078 13 33 6 41 22 20 25 39 29 53 12 42 3 49 28 35 55 24 15 21 47 8 58 18 46 43 54 14 50 0 26 1 16 44 40 34 23 32 5 30 57 37 2 7 19 4 48 27 31 10 59 56 36 38 51 11 9 52 17 45
8 12793.639648 20 31 6 41 12 44 25 7 21 2 53 42 43 39 15 35 55 28 19 46 47 8 58 22 32 57 54 14 50 0 26 1 16 18 40 34 33 23 30 13 37 29 4 24 11 27 56 36 38 51 3 5 52 10 59 9 49 48 17 45
9 12767.767578 16 48 35 31 19 49 46 21 30 12 9 55 50 59 3 32 20 29 34 2 1 52 54 23 7 44 28 18 33 26 37 5 57 40 51 22 53 27 45 0 8 25 4 24 43 6 41 10 15 39 36 17 56 47 42 38 11 58 14 13
10 12372.806641 16 48 35 31 0 49 46 47 30 12 9 55 50 59 3 32 20 29 34 2 1 52 54 23 7 44 14 18 33 26 37 5 57 40 51 22 53 27 45 19 8 25 4 24 43 6 41 10 15 39 36 17 56 21 42 38 11 58 28 13
11 12351.851563 16 48 35 31 0 49 46 47 30 12 9 55 50 59 3 32 20 29 4 24 43 6 41 10 34 2 1 52 54 23 7 44 14 18 33 26 37 5 57 40 51 22 53 27 45 19 8 25 15 39 36 17 56 21 42 38 11 58 28 13
12 11836.744141 16 48 35 31 19 49 46 41 10 21 30 12 9 55 50 59 3 32 20 29 34 2 1 23 7 44 28 57 40 18 33 26 37 52 54 5 51 22 53 27 45 0 8 25 4 24 43 6 15 39 36 17 56 47 42 38 11 58 14 13
13 11634.851563 16 48 33 26 45 0 8 24 4 25 43 6 47 42 38 11 58 14 30 37 5 57 35 31 20 29 34 2 1 52 54 23 7 44 28 18 40 19 49 46 21 36 17 56 3 32 51 22 53 27 12 9 55 50 59 41 10 15 39 13
14 11481.275391 16 48 33 26 45 0 8 24 4 25 43 6 47 42 38 11 58 14 30 37 5 57 35 31 20 29 34 2 1 52 54 23 7 44 28 18 40 19 49 46 21 36 17 56 3 9 51 22 53 27 12 32 55 50 59 41 10 15 39 13
15 11210.420898 27 31 56 36 38 51 11 28 52 13 33 6 21 22 9 8 39 29 53 43 41 46 12 42 3 49 20 35 55 24 15 25 58 18 5 54 14 50 0 26 1 16 44 40 34 23 32 47 30 57 37 2 7 19 4 48 10 59 17 45
17 11003.091797 16 48 33 26 45 0 8 24 47 42 38 11 58 14 30 37 5 57 35 31 20 29 28 2 1 4 25 6 52 54 23 7 44 34 18 40 19 49 46 21 36 17 56 3 9 51 22 53 27 12 32 55 50 59 41 10 43 15 39 13
18 10849.601563 16 48 33 45 0 8 24 47 42 38 11 58 14 30 37 5 57 35 31 26 20 29 28 2 1 4 25 6 52 54 23 7 44 34 18 40 19 49 46 21 36 17 56 3 9 51 22 53 27 12 32 55 50 59 41 10 43 15 39 13
19 10318.016602 28 48 33 45 0 8 24 47 42 38 11 58 14 30 37 5 57 35 31 26 20 29 16 2 1 4 25 6 52 54 23 7 44 34 18 40 19 49 46 21 36 17 56 3 9 51 22 53 32 12 27 55 50 59 41 10 43 15 39 13
22 10190.053711 28 48 33 45 0 8 24 47 42 38 11 58 14 30 37 5 57 35 31 26 20 29 16 34 18 40 19 49 46 21 36 17 56 3 9 51 22 53 32 12 27 55 50 59 41 10 43 15 39 2 1 4 25 6 52 54 23 7 44 13
24 10037.942383 28 48 33 45 0 8 24 35 31 26 20 29 16 34 18 40 19 49 46 21 36 17 56 3 9 51 22 53 47 42 38 11 58 14 30 37 5 57 32 12 27 55 50 59 41 10 43 15 39 2 1 4 25 6 52 54 23 7 44 13
25 9744.451172 28 48 33 45 0 8 24 35 31 26 20 4 25 6 29 16 34 18 40 19 49 46 21 36 17 56 3 9 51 22 53 47 42 38 11 58 14 30 37 5 57 32 12 27 55 50 59 41 10 43 15 39 2 1 52 54 23 7 44 13
28 9637.435547 5 57 32 12 27 55 50 59 41 10 43 15 39 2 1 52 54 23 7 44 28 48 33 45 0 8 24 35 31 26 20 4 25 6 29 16 34 18 40 19 49 46 21 36 17 56 3 9 51 22 53 47 42 38 11 58 14 30 37 13
29 9536.720703 5 57 32 12 8 24 35 31 26 20 4 25 6 29 16 34 18 40 19 49 46 27 55 50 59 41 10 43 15 39 2 1 52 54 23 7 44 28 48 33 45 0 21 36 17 56 3 9 51 22 53 47 42 38 11 58 14 30 37 13
30 9318.697266 28 48 33 45 0 8 24 35 31 26 20 4 25 6 29 16 34 18 40 19 49 32 12 27 55 50 59 41 10 43 15 39 2 1 52 46 21 36 17 56 3 9 51 22 53 47 42 38 11 58 14 30 37 5 13 57 54 23 7 44
31 9274.613281 28 48 33 45 0 8 24 35 31 26 20 4 25 6 29 16 34 18 40 19 49 53 21 36 17 56 3 9 51 11 46 47 42 38 41 22 58 14 30 37 5 57 32 12 27 55 50 59 10 43 15 39 2 1 52 54 23 7 44 13
32 9205.887695 5 57 32 12 27 55 50 59 10 43 15 39 2 1 52 28 23 7 44 54 48 33 45 0 8 24 35 31 26 20 4 25 6 29 16 34 18 40 19 49 46 21 36 17 56 3 9 41 51 22 53 47 42 38 11 58 14 30 37 13
33 9185.382813 35 31 26 20 4 25 6 29 16 34 18 40 19 49 7 32 12 27 55 50 59 41 10 43 15 39 2 1 52 46 28 48 33 45 0 8 24 21 36 17 56 3 9 53 51 22 47 42 38 11 58 14 30 37 5 13 57 54 23 44
35 8902.516602 28 48 33 45 0 8 24 35 31 26 20 4 25 6 29 16 34 18 40 19 49 53 21 36 17 56 3 9 51 11 27 55 50 59 10 43 15 39 2 1 46 47 42 38 41 22 58 14 30 37 5 57 32 12 52 54 23 7 44 13
36 8796.652344 28 33 45 0 8 24 35 31 26 20 4 25 6 29 16 34 18 48 40 19 49 53 21 36 17 56 3 9 51 11 27 55 50 59 10 43 15 39 2 1 46 47 42 38 41 22 58 14 30 37 5 57 32 12 52 54 23 7 44 13
41 8622.791016 28 48 33 45 0 27 55 50 59 10 43 15 39 2 1 46 47 42 8 24 35 31 26 20 4 25 6 29 16 34 18 40 19 49 53 21 36 17 56 3 9 51 11 38 41 22 58 14 30 57 5 7 23 44 37 32 12 52 54 13
43 8608.462891 28 33 45 0 8 24 35 31 26 20 4 25 6 29 16 34 18 48 40 19 32 12 49 53 21 36 17 56 3 9 51 11 55 27 50 59 10 43 15 39 7 2 1 46 47 42 38 41 22 58 14 30 37 5 57 52 54 23 44 13
44 8598.726563 28 33 36 0 8 24 35 31 26 20 4 25 6 29 16 34 18 48 40 19 32 12 49 53 21 45 17 56 3 9 51 11 55 27 50 59 10 43 15 7 39 2 1 46 47 42 38 41 22 58 14 30 37 5 57 52 54 23 44 13
45 8332.746094 28 48 33 45 0 27 55 50 59 10 43 15 39 2 1 46 47 42 8 24 35 31 26 20 4 25 6 29 16 34 18 40 19 49 53 21 36 17 56 3 9 51 11 38 41 22 58 14 7 23 44 37 32 12 52 30 57 5 54 13
49 8320.802734 28 48 33 45 0 27 55 50 59 10 43 15 39 2 1 46 47 42 8 24 35 31 26 20 25 6 29 16 34 18 40 19 4 49 53 21 36 17 56 3 9 51 11 38 41 22 58 14 7 23 44 37 32 12 52 30 57 5 54 13
51 8313.564453 30 33 26 0 8 24 35 31 45 20 4 25 6 29 16 34 32 12 52 54 23 7 44 48 18 40 19 49 46 47 38 42 41 22 53 21 36 17 56 3 9 51 11 27 55 50 59 10 43 15 39 2 1 58 14 28 37 5 57 13
53 8263.939453 30 33 26 0 8 24 35 31 45 20 4 25 6 29 16 34 32 12 52 54 23 7 44 48 18 40 19 49 46 47 38 42 41 22 53 21 36 17 56 3 9 51 11 27 55 50 59 10 58 15 39 2 1 43 14 28 37 5 57 13
54 8241.884766 30 33 26 0 8 24 35 31 45 20 4 25 6 29 16 34 32 12 52 54 23 7 44 48 18 40 19 49 46 47 38 22 42 41 53 21 36 17 56 3 9 51 11 27 55 50 59 10 43 15 39 2 1 58 14 28 37 5 57 13
56 8200.028320 28 48 33 45 0 27 55 50 59 10 43 49 39 2 1 42 47 46 8 24 35 31 26 20 25 6 29 16 34 18 40 19 4 15 53 21 36 17 56 3 9 51 11 38 41 22 58 14 7 23 44 37 32 12 52 30 57 5 54 13
59 8165.496094 30 33 26 0 8 24 35 31 45 20 4 25 6 29 16 34 32 12 52 54 37 23 7 19 48 18 40 44 49 46 47 38 22 42 41 53 21 36 17 56 3 9 51 11 27 55 50 59 10 14 15 39 2 1 58 43 28 5 57 13
62 8037.935547 30 33 26 0 8 24 35 31 45 20 4 25 6 29 16 18 40 34 48 19 49 46 47 38 42 41 22 53 21 36 17 56 3 9 51 11 27 55 50 59 10 43 15 39 2 1 58 14 28 32 12 52 54 23 7 44 37 5 57 13
64 8002.614746 30 33 26 0 8 24 35 31 45 20 4 25 6 29 16 18 40 34 48 19 49 46 47 38 42 41 22 53 21 36 17 56 3 9 51 11 27 55 50 59 10 43 15 39 2 1 58 14 28 32 12 52 54 23 7 44 37 57 5 13
66 7887.656250 30 33 26 0 8 15 35 31 45 20 4 25 6 29 16 18 40 34 48 19 49 46 47 38 42 41 22 53 21 36 17 56 3 9 51 11 27 55 50 59 10 43 24 39 2 1 58 14 28 32 12 52 54 23 7 44 37 5 57 13
68 7883.696777 30 49 46 47 38 22 42 41 53 21 36 17 56 3 9 51 11 55 50 59 27 10 43 15 39 2 1 58 14 32 33 26 0 8 24 35 31 45 20 4 25 6 29 16 40 12 52 54 23 7 44 48 18 34 19 28 37 57 13 5
71 7801.516113 30 33 26 0 8 15 35 31 45 20 4 25 6 29 16 18 40 34 48 19 49 46 47 38 42 41 22 53 21 36 17 56 3 9 51 11 27 55 50 59 10 43 24 39 2 1 23 7 58 14 28 32 12 52 54 44 37 5 57 13
72 7755.987305 30 33 26 0 8 15 35 31 45 20 29 25 6 4 16 18 40 34 48 19 49 46 47 38 42 41 22 53 21 36 17 56 3 9 51 11 27 55 50 59 10 39 24 43 2 1 58 14 28 32 12 52 54 23 7 44 37 5 57 13
78 7704.128906 30 33 26 0 27 53 21 36 17 56 55 50 59 10 43 24 39 2 8 15 35 31 45 20 4 25 6 29 16 18 40 34 48 19 1 49 46 47 38 11 41 22 3 9 51 42 58 14 28 32 12 52 54 23 7 44 37 5 57 13
80 7658.847656 30 58 14 32 49 46 47 38 22 42 41 53 21 36 17 56 55 9 51 11 3 50 59 27 10 43 15 39 2 1 33 26 0 8 24 35 31 45 20 4 25 6 29 16 40 12 52 54 7 44 48 18 34 19 23 37 57 28 5 13
83 7604.158691 30 49 46 47 38 42 22 41 2 1 58 14 32 53 21 36 17 56 55 9 51 11 3 50 59 27 10 43 15 39 33 26 0 8 24 35 31 45 20 4 25 6 29 16 40 28 12 52 54 7 44 48 18 34 19 23 37 57 5 13
87 7581.978516 54 49 46 47 38 42 22 41 53 21 36 17 56 55 9 51 11 3 50 59 27 10 43 15 39 2 1 58 8 24 14 32 33 26 0 35 31 45 20 4 25 6 29 16 40 12 52 30 28 7 44 48 18 34 19 23 37 57 5 13
89 7450.620605 30 49 46 47 38 42 22 41 2 1 53 14 32 58 21 36 31 56 55 9 51 11 3 50 59 27 10 43 15 39 33 26 0 8 24 35 17 45 20 4 25 6 29 16 40 28 12 52 54 7 44 48 18 34 19 23 37 57 5 13
93 7444.479004 30 49 46 47 38 42 22 41 2 1 53 14 32 58 21 36 31 56 55 9 51 11 3 50 59 27 10 43 15 39 25 26 0 8 24 35 17 45 20 4 33 6 29 16 40 28 12 52 54 7 44 48 18 34 19 23 37 57 5 13
95 7383.926270 30 49 46 47 38 42 22 41 2 1 53 14 32 58 21 36 31 56 55 9 51 11 3 50 59 26 0 8 24 35 17 45 27 10 43 15 39 25 20 4 33 6 29 16 40 28 12 52 54 7 44 48 18 34 19 23 37 57 5 13
98 7382.620117 30 49 46 47 38 42 22 41 2 1 53 14 32 58 21 36 31 56 55 9 51 11 3 50 59 26 0 8 24 35 17 45 27 10 43 15 39 25 20 4 33 6 29 16 18 28 12 52 54 7 44 48 40 34 19 23 37 57 5 13
99 7274.868164 30 49 46 47 38 42 22 41 43 2 1 53 14 32 58 21 36 31 56 55 9 51 11 3 50 59 26 0 8 24 35 17 45 27 10 15 39 25 20 4 33 6 29 16 18 28 12 52 54 7 44 48 40 34 19 23 37 57 5 13
100 7265.300293 30 49 46 47 38 42 22 41 2 1 53 14 32 58 21 36 31 56 55 9 51 11 3 50 59 27 10 43 15 39 33 26 0 8 24 35 17 45 20 4 29 6 25 16 40 28 12 52 54 7 44 48 18 34 19 23 37 57 5 13
103 7246.389160 30 49 46 47 38 42 22 41 2 1 53 14 32 58 21 36 31 56 55 9 51 11 3 50 59 26 0 8 24 35 17 45 27 10 43 39 15 25 20 4 33 6 29 16 18 28 12 52 54 7 44 48 40 34 19 23 37 57 5 13
106 7243.324219 30 49 46 47 38 42 22 41 2 1 53 14 32 58 21 36 31 56 55 9 51 11 3 50 27 59 10 43 15 39 33 26 0 8 24 35 17 45 20 4 29 6 25 16 40 28 12 52 54 7 44 48 18 34 19 23 37 57 5 13
109 7196.522461 30 49 46 47 38 42 22 41 2 1 39 53 14 32 58 21 36 31 56 55 9 51 11 3 50 59 26 0 8 24 35 17 45 27 10 43 15 25 20 4 33 6 29 16 18 28 12 52 54 7 44 48 40 34 19 23 37 57 5 13
111 7005.219727 30 49 46 47 38 42 22 41 2 1 53 14 32 58 21 36 31 26 0 56 55 9 51 11 3 50 59 27 10 15 43 39 7 33 8 24 35 17 45 20 4 29 6 25 16 28 12 52 54 44 40 48 18 34 19 23 37 57 5 13
122 6953.170898 30 49 46 47 38 42 22 41 28 12 52 54 7 44 48 2 1 39 53 14 32 58 8 24 35 17 45 21 36 31 56 55 9 51 11 3 50 59 26 0 27 10 43 15 25 20 4 33 6 29 16 18 40 34 19 23 37 57 5 13
124 6879.367188 30 49 46 47 38 42 22 41 53 1 2 14 32 58 21 43 15 39 24 35 17 45 20 4 29 6 25 16 40 28 12 52 54 7 44 48 18 34 19 33 26 0 31 36 56 55 9 51 11 3 50 27 59 10 8 23 37 57 5 13
125 6765.198730 30 49 46 47 38 42 22 41 28 12 52 54 7 44 48 2 1 39 21 53 14 32 58 8 24 35 17 45 36 31 56 55 9 51 11 3 50 59 26 0 27 10 43 15 25 20 4 33 6 29 16 18 40 34 19 23 37 57 5 13
126 6726.103516 30 32 46 47 38 42 22 41 28 12 52 54 7 44 48 2 1 39 21 53 14 49 58 8 24 35 17 45 36 31 56 55 9 51 11 3 50 59 26 0 27 10 43 15 25 20 4 33 6 29 16 18 40 34 19 23 37 57 5 13
129 6640.178223 30 54 46 47 38 42 22 41 28 12 52 32 7 44 23 2 1 39 21 53 14 49 15 8 24 35 17 45 36 31 56 55 9 51 11 3 50 59 26 0 27 10 43 58 25 33 4 20 6 29 16 18 40 34 19 48 37 57 5 13
136 6617.634277 30 28 12 52 32 46 47 38 42 22 41 49 54 7 44 48 2 1 39 21 53 14 43 58 8 24 35 17 45 36 31 56 55 9 51 11 3 50 26 59 0 27 10 15 25 20 4 33 6 29 16 18 40 34 19 23 37 57 5 13
138 6614.259766 13 54 46 47 38 42 22 41 28 12 52 32 7 44 23 2 1 39 21 53 14 49 15 8 24 35 17 45 36 31 56 55 9 51 11 3 50 59 26 0 27 10 43 58 25 33 4 20 6 29 16 18 40 34 19 48 37 57 5 30
142 6614.102539 13 54 46 47 32 38 42 22 41 28 12 52 7 44 23 2 1 39 21 53 14 49 15 8 24 35 17 45 36 31 56 55 9 51 11 3 50 59 26 0 27 10 43 58 25 33 4 20 6 29 16 18 40 34 19 48 37 57 5 30
143 6524.448730 30 28 12 52 32 46 47 38 42 22 41 49 54 7 44 48 2 1 39 21 53 14 43 58 8 24 35 17 45 36 31 56 55 9 51 11 3 50 26 59 0 27 10 15 25 29 4 33 6 20 16 18 40 34 19 23 37 57 5 13
146 6430.588867 13 54 46 47 32 38 42 22 41 28 12 52 7 44 23 2 1 39 21 53 14 49 15 8 24 35 17 45 36 31 56 55 9 51 11 3 50 59 26 0 27 10 43 58 25 33 20 6 29 4 16 18 40 34 19 48 37 57 5 30
150 6413.119629 30 32 46 47 38 42 22 41 51 11 3 50 26 59 0 27 10 43 14 28 12 52 54 7 44 40 18 23 2 1 8 21 53 49 58 39 24 35 17 45 36 31 56 55 9 15 25 16 33 6 29 20 4 19 48 34 37 57 5 13
154 6324.142090 13 54 46 47 41 38 42 22 32 28 12 52 7 44 23 2 1 39 21 53 14 49 15 8 24 35 17 45 36 31 56 55 9 51 11 3 50 59 26 0 27 10 43 58 25 33 20 6 29 4 16 18 40 34 19 48 37 57 5 30
163 6302.775391 30 46 47 38 42 22 41 51 11 3 50 26 35 17 45 36 31 56 55 9 59 0 27 10 43 14 28 12 52 54 7 44 40 18 23 2 1 8 21 53 49 32 58 39 24 15 25 16 33 6 29 20 4 19 48 34 37 57 5 13
164 6247.215332 30 46 47 38 42 22 41 51 11 3 50 26 35 17 45 36 31 56 55 9 59 0 27 10 43 14 28 12 52 54 7 44 40 18 23 2 1 8 21 53 39 32 58 49 24 15 25 16 33 6 29 20 4 19 48 34 37 57 5 13
168 6190.875488 30 46 47 51 42 22 41 38 11 3 50 26 35 17 45 36 31 56 55 9 59 0 27 10 43 14 28 12 52 54 7 44 40 18 23 2 1 8 21 53 39 32 58 49 24 15 25 16 33 6 29 20 4 19 48 34 37 57 5 13
176 6059.460938 30 46 47 38 42 22 41 51 11 3 50 26 35 17 45 31 36 56 55 9 59 0 27 10 43 14 28 12 52 54 7 44 40 18 23 2 1 8 21 39 53 32 58 49 24 15 25 16 33 6 29 20 4 19 48 34 37 57 5 13
201 5983.775391 30 5 46 47 41 42 22 38 51 11 3 50 26 0 36 45 17 31 56 55 10 59 35 27 9 43 14 28 12 52 54 7 44 40 48 23 2 1 8 21 39 53 32 58 49 24 15 25 16 33 6 29 20 4 19 18 34 37 57 13
209 5937.992188 12 46 47 41 38 42 22 51 11 55 9 26 35 17 45 31 36 56 3 50 0 59 27 10 43 14 28 52 30 54 7 44 40 18 23 2 1 8 39 21 53 32 58 49 24 15 25 16 33 6 29 20 4 19 48 34 37 57 5 13
210 5861.799316 12 46 47 41 38 42 22 51 11 9 55 26 35 17 45 31 36 56 3 50 0 59 27 10 43 14 28 52 30 54 7 44 40 18 23 2 1 8 39 21 53 32 58 49 24 15 25 16 33 6 29 20 4 19 48 34 37 57 5 13
213 5853.745605 12 46 47 41 38 42 22 51 11 9 55 26 35 17 45 31 36 56 3 50 0 59 27 10 43 14 28 52 30 54 7 44 40 18 23 2 1 8 39 21 53 32 58 49 24 15 25 16 33 6 29 20 4 19 34 48 37 57 5 13
216 5848.628906 12 46 47 41 38 42 22 51 11 9 55 26 35 17 45 31 36 56 3 50 0 59 27 10 43 14 28 52 30 57 13 5 54 7 44 40 18 23 2 1 8 39 21 53 32 58 49 24 15 25 16 33 6 29 20 4 19 48 34 37
218 5838.323730 12 46 47 41 38 42 22 51 11 3 55 9 26 35 17 45 31 36 56 50 0 59 27 10 43 14 28 52 30 54 7 44 40 18 23 2 1 8 39 21 53 32 58 49 24 15 25 16 33 6 29 20 4 19 48 34 37 57 5 13
220 5803.244141 12 46 47 41 38 42 22 51 11 3 55 9 26 35 17 45 31 36 56 50 0 59 27 10 58 14 28 52 30 54 7 44 40 18 23 2 1 8 39 21 53 32 43 49 24 15 25 16 33 6 29 20 4 19 48 34 37 57 5 13
230 5779.565430 12 46 47 41 38 42 22 51 11 3 55 9 26 35 17 45 31 36 56 50 0 59 27 10 58 14 28 52 30 54 7 44 40 48 23 2 1 8 39 21 53 32 43 49 24 15 25 16 33 6 29 20 4 19 18 34 37 57 5 13
235 5766.741699 12 46 47 41 38 42 22 51 11 9 55 26 35 17 45 31 36 56 3 50 0 59 27 10 43 14 28 52 30 5 13 57 54 7 44 40 18 23 2 1 8 39 21 53 32 58 49 24 15 25 16 33 6 29 20 4 19 48 34 37
242 5686.351074 12 46 47 41 38 42 22 51 11 3 55 9 26 35 17 45 31 36 56 50 0 59 27 10 43 14 28 52 30 54 7 44 40 18 23 1 2 8 39 21 53 32 58 49 24 15 25 16 33 6 20 29 4 19 48 34 37 57 5 13
253 5684.074707 12 46 47 41 38 42 22 51 11 9 55 3 26 35 17 45 31 36 56 50 0 59 27 10 43 14 28 52 30 54 7 44 40 18 23 1 2 8 39 21 53 32 58 49 24 15 25 16 33 6 29 20 4 19 48 34 37 57 13 5
262 5652.086914 12 46 47 41 38 42 22 51 11 3 55 27 26 35 17 45 31 36 56 50 0 59 9 10 43 7 44 40 18 23 1 2 8 39 21 53 32 58 49 24 15 25 16 33 6 20 29 4 19 48 34 37 14 28 52 30 54 57 5 13
264 5647.511719 12 46 47 41 38 42 51 11 22 9 55 3 26 35 17 45 31 36 56 50 0 59 27 10 43 14 28 52 30 54 7 44 40 18 23 1 2 8 39 21 53 32 58 49 24 15 25 16 33 6 29 20 4 19 48 34 37 57 13 5
271 5529.559570 12 46 47 41 38 42 51 11 22 9 55 3 26 35 17 45 31 36 56 50 0 59 27 10 43 14 28 52 30 54 7 44 40 18 23 1 2 8 39 21 53 32 58 49 24 15 25 16 33 6 20 29 4 19 48 34 37 57 13 5
283 5524.461914 12 46 47 41 51 42 38 11 22 9 55 3 26 35 17 45 31 36 56 50 0 59 27 10 43 14 28 52 30 54 7 8 39 21 53 32 49 58 24 15 25 16 33 6 29 20 4 19 48 34 44 40 18 23 1 2 37 57 13 5
285 5445.462891 12 46 47 41 38 42 51 11 22 9 55 3 26 35 17 45 31 36 56 50 0 59 27 10 43 14 28 52 30 54 7 23 1 2 8 39 21 53 32 58 49 24 15 25 44 40 18 16 33 6 20 29 4 19 48 34 37 57 13 5
292 5417.169434 12 46 47 41 42 38 51 11 22 9 55 3 26 35 17 45 31 36 56 50 0 59 27 10 43 14 28 30 54 7 44 40 18 23 1 2 8 39 21 53 32 58 49 24 15 25 16 33 6 20 29 4 19 48 34 37 57 13 5 52
294 5333.298828 12 46 47 41 42 51 38 11 22 9 55 3 26 35 17 45 31 36 56 50 0 59 27 10 43 14 28 52 30 54 7 23 1 2 8 39 21 53 32 58 49 24 15 25 44 40 18 16 33 6 20 29 4 19 48 34 37 57 13 5
331 5298.127441 12 46 47 41 42 38 51 11 22 9 55 3 26 35 17 45 31 36 56 50 0 59 27 10 15 25 16 33 6 20 29 4 19 48 34 44 40 18 1 2 8 39 21 53 32 58 43 14 28 30 54 23 7 49 24 37 57 13 5 52
332 5248.009277 12 46 47 41 42 38 51 11 22 9 55 3 26 35 17 45 31 36 56 50 0 59 27 10 15 25 16 33 6 20 29 4 19 48 34 44 40 18 1 2 8 39 21 53 32 58 43 14 28 54 23 7 49 24 37 57 13 30 5 52
339 5226.438477 12 46 47 41 42 38 51 11 22 9 55 3 26 35 17 45 31 36 56 50 0 59 27 10 15 25 16 33 6 20 29 4 19 48 34 44 40 18 1 2 8 39 21 53 32 58 49 43 14 28 54 23 7 24 37 57 13 30 5 52
343 5215.696777 12 46 47 41 42 38 51 11 22 9 55 3 35 26 17 45 31 36 56 50 0 59 27 10 43 14 28 30 54 7 8 39 21 53 32 58 49 24 15 25 16 33 6 20 29 4 19 18 34 48 40 44 23 1 2 37 57 13 5 52
355 5200.428223 12 46 47 41 42 38 11 51 22 9 55 3 26 35 17 45 31 36 56 50 0 59 27 10 15 25 16 33 6 20 29 4 19 48 34 44 40 18 1 2 8 21 39 53 32 58 43 23 7 49 24 14 28 30 54 37 57 13 5 52
356 5138.687012 12 46 47 41 42 38 11 51 22 9 55 3 27 26 17 45 31 36 56 50 59 0 35 1 2 8 39 21 10 53 32 58 43 14 28 30 54 7 49 24 15 25 16 33 6 20 29 4 19 48 34 44 40 18 23 37 57 13 5 52
366 5135.220703 12 46 47 9 42 38 11 51 22 41 10 55 3 27 26 17 45 31 36 56 50 59 0 35 1 2 8 39 21 53 32 58 43 14 28 30 54 7 49 24 15 25 16 33 6 20 29 4 19 48 34 44 40 18 23 37 57 13 5 52
375 5117.799316 12 46 47 41 42 38 11 51 22 9 55 3 27 26 17 45 31 36 56 50 59 0 35 1 2 8 39 21 10 53 32 58 43 14 28 30 54 7 49 24 15 25 16 33 6 20 29 4 19 34 48 44 40 18 23 37 57 13 5 52
383 5116.981934 12 46 47 41 42 38 11 51 22 9 55 3 27 26 17 45 31 36 56 50 59 0 35 1 2 24 39 21 10 53 32 58 43 14 28 30 54 7 49 8 15 25 16 33 6 20 29 4 19 34 48 44 40 18 23 37 57 13 5 52
385 5095.805176 12 46 47 41 42 38 11 51 22 9 55 3 10 27 26 17 45 31 36 56 50 59 0 35 1 2 8 39 21 53 32 58 43 14 28 30 54 7 49 24 15 25 16 33 6 20 29 4 19 48 34 44 40 18 23 37 57 13 5 52
390 5080.671387 12 46 47 41 42 38 11 51 22 9 55 3 10 27 26 45 17 31 36 56 50 59 0 35 1 2 8 39 21 53 32 58 43 14 28 30 54 7 49 24 15 25 16 33 6 20 29 4 19 48 34 44 40 18 23 37 57 13 5 52
402 5075.552734 12 46 47 41 42 38 11 51 22 9 55 3 27 26 17 45 31 36 56 50 59 0 35 39 21 10 53 32 58 43 14 28 30 54 7 49 1 2 8 24 15 25 16 33 6 20 29 4 19 48 34 44 40 18 23 37 57 13 5 52
414 5026.078125 12 46 47 41 42 38 11 51 22 9 55 3 27 26 17 45 31 36 56 50 59 0 35 39 21 10 53 32 58 43 14 28 30 54 7 49 1 2 24 8 15 25 16 33 6 20 29 4 19 48 34 44 40 18 23 37 57 13 5 52
417 5015.908691 12 46 47 51 38 11 42 22 41 9 55 3 27 26 45 17 31 36 56 50 59 0 35 1 2 8 39 21 10 53 32 58 43 14 23 7 49 24 15 25 16 33 6 20 29 4 19 48 34 44 40 18 54 37 57 30 13 5 28 52
421 5005.958984 12 46 47 41 42 38 11 51 22 9 55 3 27 26 17 45 31 36 56 50 59 0 35 21 39 10 53 32 58 43 14 28 30 54 7 49 1 2 24 8 15 25 16 33 6 20 29 4 19 48 34 44 40 18 23 37 57 13 5 52
427 5001.675293 12 46 47 51 38 11 42 22 41 9 55 3 27 26 45 17 31 36 56 50 59 0 35 1 2 8 39 21 10 53 32 58 43 14 23 7 49 24 15 25 16 33 6 20 29 4 19 48 34 44 40 18 54 37 57 30 5 13 28 52
435 4980.841797 12 46 47 51 38 11 42 22 41 9 55 3 27 26 45 17 31 36 56 50 59 0 35 1 2 8 39 21 10 53 32 58 43 14 23 7 49 24 15 25 16 33 6 20 29 4 19 48 34 44 40 18 54 37 57 13 30 5 28 52
446 4969.363770 12 46 47 41 42 38 11 51 22 9 55 3 27 26 17 45 31 36 56 50 59 0 35 21 39 10 53 32 58 43 7 49 1 2 24 8 15 25 16 33 6 20 29 4 19 48 34 44 40 18 23 37 14 28 30 54 57 13 5 52
456 4963.683594 12 46 47 51 38 11 42 22 41 9 55 3 27 26 45 17 31 36 56 50 59 0 35 1 2 8 39 21 10 53 32 58 43 14 23 7 49 24 15 25 16 33 6 20 29 4 19 48 34 44 18 40 54 37 57 13 30 5 28 52
459 4942.447266 12 46 47 41 51 38 11 42 22 9 55 3 10 27 26 45 17 31 36 56 50 59 0 35 1 2 8 39 21 53 32 58 43 14 28 57 37 7 49 24 15 25 16 33 6 20 29 4 19 48 34 18 44 40 23 54 13 5 30 52
471 4941.681641 12 46 47 41 42 38 11 51 22 9 55 3 27 26 17 45 31 36 56 50 59 0 35 21 39 10 53 32 58 43 49 1 2 24 8 15 25 16 33 6 20 29 4 19 48 34 44 40 18 23 37 7 14 28 30 13 54 57 5 52
475 4934.099609 12 46 47 51 38 11 42 22 41 9 55 3 27 26 45 17 31 36 56 50 59 0 35 15 8 39 21 10 53 32 58 43 14 23 7 1 49 24 2 25 16 33 6 20 29 4 19 48 34 44 40 18 37 54 57 30 5 13 28 52
487 4904.813965 12 46 47 41 42 38 11 51 22 9 55 3 27 26 17 45 31 36 56 50 59 0 35 21 39 10 53 32 58 43 7 49 1 2 24 8 15 25 16 33 6 20 29 4 19 48 34 40 18 44 23 37 14 28 30 54 57 13 5 52
498 4897.054688 12 46 47 51 38 11 42 22 41 9 55 3 27 26 45 17 31 36 50 56 59 0 35 15 8 39 21 10 53 32 58 43 14 23 7 2 49 24 1 25 16 33 6 20 29 4 19 48 34 44 40 18 37 54 57 30 5 13 28 52
502 4821.033691 12 46 47 51 38 11 42 22 41 9 55 3 27 26 45 17 31 36 56 50 59 0 35 15 8 39 21 10 53 32 58 43 14 23 7 1 49 24 2 25 16 33 6 20 29 4 19 48 34 18 40 44 37 54 57 30 5 13 28 52
503 4802.420898 12 46 47 51 38 11 42 22 41 9 55 3 27 26 45 17 31 36 56 50 59 0 35 15 8 39 21 10 53 32 58 43 14 23 7 1 49 24 2 25 16 33 6 20 29 4 19 48 34 18 40 44 37 54 57 5 13 30 28 52
511 4708.130371 12 46 47 51 38 11 42 22 41 9 55 3 27 26 45 17 31 36 56 50 59 0 35 15 8 39 21 10 53 32 58 43 14 49 7 1 23 24 2 25 16 33 6 20 29 4 19 48 34 18 40 44 37 54 57 30 5 13 28 52
553 4691.491211 12 46 47 51 38 11 42 22 41 9 55 3 27 26 45 17 31 50 56 36 59 0 35 15 8 39 21 10 53 32 58 43 14 49 7 23 1 24 2 25 16 33 6 20 29 4 19 48 34 18 40 44 37 54 57 30 13 5 28 52
554 4673.277344 12 46 47 51 38 11 42 22 41 9 55 3 27 26 45 17 31 36 56 50 59 0 35 15 8 39 21 10 53 32 58 43 14 49 24 1 23 7 2 25 16 33 6 20 29 4 19 48 34 18 40 44 37 54 57 30 5 13 28 52
563 4645.624023 12 46 47 51 38 11 42 22 41 9 55 3 27 26 45 17 31 36 56 50 59 0 35 15 8 39 21 10 53 32 58 43 14 49 24 1 2 25 16 33 6 20 29 4 19 48 34 18 40 44 23 7 37 54 57 30 5 13 28 52
578 4557.391113 12 46 47 51 38 11 42 22 41 9 10 55 3 27 26 45 17 31 36 56 50 59 0 35 15 8 39 21 53 32 58 43 14 49 24 1 2 25 16 33 6 20 29 4 19 48 34 18 40 44 23 7 37 54 57 30 5 13 28 52
585 4536.696289 12 46 47 51 38 11 42 22 41 9 10 55 3 27 26 45 17 31 36 56 50 0 59 35 15 8 39 21 53 32 58 43 14 49 24 1 2 25 16 33 6 20 29 4 19 48 34 18 40 44 23 7 37 54 57 30 5 13 28 52
600 4527.899414 12 46 47 51 38 11 42 22 41 9 10 55 3 27 26 45 17 31 36 56 50 0 59 35 15 8 39 21 53 32 43 58 14 49 24 1 2 25 16 33 6 20 29 4 19 34 48 18 40 44 23 7 37 54 57 30 5 13 28 52
608 4498.782227 12 46 47 51 38 11 42 22 41 9 10 55 3 27 26 45 17 31 36 56 50 0 59 35 15 8 39 21 53 32 58 43 14 49 24 1 2 25 16 33 6 20 29 4 19 48 18 34 40 44 23 7 37 54 57 30 5 13 28 52
613 4491.780273 12 46 47 51 38 11 42 22 41 9 10 55 3 27 36 0 45 17 31 26 56 50 59 35 15 8 39 21 53 58 43 32 14 49 7 24 1 2 25 16 33 6 20 29 4 19 48 34 18 40 44 23 37 54 57 30 5 13 28 52
629 4442.205078 12 46 47 51 38 11 42 22 41 9 10 55 3 27 36 0 45 17 31 26 56 50 59 35 15 8 39 21 53 58 43 32 14 49 7 24 2 1 25 16 33 6 20 29 4 19 48 34 18 40 44 23 37 54 57 30 5 13 28 52
654 4440.618164 12 46 47 51 38 11 42 22 9 41 10 55 3 27 36 0 31 17 45 26 56 50 59 35 15 8 39 21 53 58 43 32 14 49 7 24 2 1 25 16 33 6 20 29 4 19 48 34 18 40 44 23 37 54 57 30 5 13 28 52
656 4438.785156 12 46 47 51 38 11 42 22 9 41 10 55 3 27 36 0 45 17 31 26 56 50 59 35 15 8 39 21 53 58 43 32 14 49 7 24 2 1 25 16 33 6 20 29 4 19 48 34 18 40 44 23 37 54 57 5 30 13 28 52
665 4431.978516 12 46 47 51 38 11 42 22 41 9 10 55 3 50 27 36 45 17 31 26 0 56 59 35 15 8 39 21 53 58 43 32 14 49 7 24 2 1 25 16 33 6 20 29 4 19 48 34 18 40 44 23 37 54 57 30 5 13 28 52
672 4431.093750 12 46 47 51 38 11 42 22 41 9 10 55 3 50 27 45 17 31 26 0 36 56 59 35 15 8 39 21 53 58 43 32 14 49 7 24 2 1 25 16 33 6 20 29 4 19 48 34 18 40 44 23 37 54 57 30 5 13 28 52
673 4377.460449 12 46 47 51 38 11 42 22 41 9 10 55 3 27 36 56 50 59 0 45 17 31 26 35 15 8 39 21 53 58 43 32 14 49 7 24 2 1 25 16 33 6 20 29 4 19 48 34 18 40 44 23 37 54 57 30 5 13 28 52
708 4272.889648 12 46 47 51 38 11 42 22 41 9 10 55 3 50 56 27 36 45 17 31 26 0 59 35 15 8 39 21 53 58 43 32 14 49 7 24 2 1 25 16 33 6 20 29 4 19 48 34 18 40 44 23 37 54 57 30 5 13 28 52
743 4254.276855 12 46 47 51 38 11 42 22 41 9 10 55 3 50 56 27 36 45 17 31 26 0 59 35 15 8 39 21 53 58 43 32 14 49 7 24 2 1 25 16 33 6 20 29 4 19 48 34 18 40 44 23 37 54 57 5 13 30 28 52
755 4216.362793 12 46 47 51 38 11 42 22 41 9 10 55 3 50 56 27 36 45 17 31 26 0 59 35 15 8 39 21 53 58 43 32 14 49 7 24 2 1 25 16 33 6 20 29 4 19 48 18 34 40 44 23 37 54 57 5 13 30 28 52
784 4202.998535 12 46 47 51 38 11 42 22 41 9 10 55 3 50 56 27 36 45 17 31 26 0 59 35 15 8 39 21 53 58 43 14 32 49 7 24 2 1 25 16 33 6 20 29 4 19 18 48 34 40 44 23 37 54 57 5 13 30 28 52
806 4178.391113 12 46 47 51 38 11 42 22 41 9 10 55 3 50 56 27 36 45 17 31 26 0 59 35 15 8 39 21 53 58 14 32 43 49 7 24 2 1 25 16 33 6 20 29 4 19 18 48 34 40 44 23 37 54 57 5 13 30 28 52
834 4176.531250 12 46 47 51 38 11 42 22 41 9 10 55 3 50 56 27 36 45 17 31 26 0 59 35 15 8 39 21 53 58 43 14 32 49 7 24 2 1 25 16 33 6 20 29 4 19 18 48 34 40 44 23 37 54 57 13 5 30 28 52
848 4151.923340 12 46 47 51 38 11 42 22 41 9 10 55 3 50 56 27 36 45 17 31 26 0 59 35 15 8 39 21 53 58 14 32 43 49 7 24 2 1 25 16 33 6 20 29 4 19 18 48 34 40 44 23 37 54 57 13 5 30 28 52
856 4147.229980 12 46 47 51 38 11 42 22 41 9 10 55 3 50 56 27 36 45 17 31 26 0 59 35 15 8 39 21 53 58 32 14 43 49 7 24 2 1 25 16 33 6 20 29 4 19 18 48 34 40 44 23 37 54 57 5 13 30 28 52
896 4127.198242 12 46 47 51 38 11 42 22 9 41 10 55 3 50 56 27 36 45 17 31 26 0 59 35 15 8 39 21 53 32 14 58 43 49 7 24 2 1 25 16 33 6 20 29 4 19 18 48 34 40 44 23 37 54 57 13 5 30 28 52
924 4121.461914 12 46 47 51 38 11 42 22 41 9 10 55 3 50 56 27 36 45 17 31 26 0 59 35 15 8 24 21 39 53 58 43 32 14 49 7 2 1 25 16 33 6 20 29 4 19 18 48 34 40 44 23 37 54 57 13 5 30 28 52
928 4070.112061 12 46 47 51 38 11 42 22 9 41 10 55 3 50 56 27 36 31 17 45 26 0 59 35 15 8 24 39 21 53 58 14 32 43 49 7 2 1 25 16 33 6 20 29 4 19 18 48 34 40 44 23 37 54 57 13 5 30 28 52
1089 4063.197754 12 46 47 51 38 11 42 22 9 41 10 55 3 50 56 27 36 31 17 45 26 0 59 35 15 8 24 39 21 53 58 32 14 43 49 7 2 1 25 16 33 6 20 29 4 19 18 48 34 40 44 23 37 54 57 13 30 5 28 52
1123 4048.851563 12 46 47 51 38 11 42 22 9 41 10 55 3 50 27 56 36 31 17 45 26 0 59 35 15 8 24 39 21 53 32 14 58 43 49 7 2 1 25 16 33 6 20 29 4 19 18 48 34 40 44 23 37 54 57 13 5 30 28 52
1173 4040.206543 12 46 47 51 38 11 42 22 9 41 10 55 3 50 56 27 36 31 17 45 26 0 59 35 15 8 24 39 21 53 32 14 58 43 49 7 2 1 25 16 33 6 20 29 4 19 18 48 34 40 44 23 37 54 57 13 5 30 28 52
1227 4029.978516 12 46 47 41 51 38 11 42 22 9 10 55 3 50 56 27 36 31 17 45 26 0 59 35 15 8 24 39 21 53 58 32 14 43 49 7 2 1 25 16 33 6 20 29 4 19 18 48 34 40 44 23 37 54 57 13 5 30 28 52
1277 4026.209229 12 46 47 51 38 11 42 22 9 41 10 55 3 27 50 56 36 31 17 45 26 0 59 35 15 8 24 39 21 53 32 14 58 43 49 7 2 1 25 16 33 6 20 29 4 19 18 48 34 40 44 23 37 54 57 13 5 30 28 52
1448 4022.602051 12 46 47 41 51 38 11 42 22 9 10 55 3 50 56 27 36 31 17 45 26 0 59 35 15 8 24 39 21 53 58 32 14 49 43 7 2 1 25 16 33 6 20 29 4 19 18 48 34 40 44 23 37 54 57 13 5 30 28 52
1582 4021.028809 12 46 47 51 38 11 42 22 41 9 10 55 3 27 50 56 36 31 17 45 26 0 59 35 15 8 24 39 21 53 32 14 58 43 49 7 2 1 25 16 33 6 20 29 4 19 18 48 34 40 44 23 37 54 57 13 5 30 28 52
1792 4019.773438 12 46 47 51 38 11 42 22 41 9 10 55 3 27 50 56 36 31 17 45 26 0 59 35 15 8 24 39 21 53 58 32 14 43 49 7 2 1 25 16 33 6 20 29 4 19 18 48 34 40 44 23 37 54 57 13 5 30 28 52
1914 4019.773193 45 26 0 59 35 15 8 24 39 21 53 58 32 14 43 49 7 2 1 25 16 33 6 20 29 4 19 18 48 34 40 44 23 37 54 57 13 5 30 28 52 12 46 47 51 38 11 42 22 41 9 10 55 3 27 50 56 36 31 17
2085 4012.396973 12 46 47 51 38 11 42 22 41 9 10 55 3 27 50 56 36 31 17 45 26 0 59 35 15 8 24 39 21 53 58 32 14 49 43 7 2 1 25 16 33 6 20 29 4 19 18 48 34 40 44 23 37 54 57 13 5 30 28 52
2194 4008.604736 45 26 0 59 35 15 8 24 39 21 53 58 32 14 49 43 7 2 1 25 16 33 6 20 29 4 19 18 48 34 40 44 23 37 54 57 13 5 30 28 52 12 46 47 41 51 38 11 42 22 9 10 55 3 27 50 56 36 31 17
2505 4005.595947 45 26 0 59 35 15 8 24 39 21 53 58 32 14 49 43 7 2 1 25 16 33 6 20 29 4 19 18 48 34 40 44 23 37 54 57 13 5 30 28 52 12 46 47 41 9 51 38 11 42 22 10 55 3 27 50 56 36 31 17
2643 4001.826904 45 26 0 59 35 15 8 24 39 21 53 58 32 14 49 43 7 2 1 25 16 33 6 20 29 4 19 18 48 34 40 44 23 37 54 57 13 5 30 28 52 12 46 47 41 9 51 38 11 42 22 3 55 10 27 50 56 36 31 17
fitnesses
15325.1
14936.6
14207.3
13619.1
13619.1
13357.2
13184.6
12793.6
12767.8
12372.8
12351.9
11836.7
11634.9
11481.3
11210.4
11210.4
11003.1
10849.6
10318
10318
10318
10190.1
10190.1
10037.9
9744.45
9744.45
9744.45
9637.44
9536.72
9318.7
9274.61
9205.89
9185.38
9185.38
8902.52
8796.65
8796.65
8796.65
8796.65
8796.65
8622.79
8622.79
8608.46
8598.73
8332.75
8332.75
8332.75
8332.75
8320.8
8320.8
8313.56
8313.56
8263.94
8241.88
8241.88
8200.03
8200.03
8200.03
8165.5
8165.5
8165.5
8037.94
8037.94
8002.61
8002.61
7887.66
7887.66
7883.7
7883.7
7883.7
7801.52
7755.99
7755.99
7755.99
7755.99
7755.99
7755.99
7704.13
7704.13
7658.85
7658.85
7658.85
7604.16
7604.16
7604.16
7604.16
7581.98
7581.98
7450.62
7450.62
7450.62
7450.62
7444.48
7444.48
7383.93
7383.93
7383.93
7382.62
7274.87
7265.3
7265.3
7265.3
7246.39
7246.39
7246.39
7243.32
7243.32
7243.32
7196.52
7196.52
7005.22
7005.22
7005.22
7005.22
7005.22
7005.22
7005.22
7005.22
7005.22
7005.22
7005.22
6953.17
6953.17
6879.37
6765.2
6726.1
6726.1
6726.1
6640.18
6640.18
6640.18
6640.18
6640.18
6640.18
6640.18
6617.63
6617.63
6614.26
6614.26
6614.26
6614.26
6614.1
6524.45
6524.45
6524.45
6430.59
6430.59
6430.59
6430.59
6413.12
6413.12
6413.12
6413.12
6324.14
6324.14
6324.14
6324.14
6324.14
6324.14
6324.14
6324.14
6324.14
6302.78
6247.22
6247.22
6247.22
6247.22
6190.88
6190.88
6190.88
6190.88
6190.88
6190.88
6190.88
6190.88
6059.46
6059.46
6059.46
6059.46
6059.46
6059.46
6059.46
6059.46
6059.46
6059.46
6059.46
6059.46
6059.46
6059.46
6059.46
6059.46
6059.46
6059.46
6059.46
6059.46
6059.46
6059.46
6059.46
6059.46
6059.46
5983.78
5983.78
5983.78
5983.78
5983.78
5983.78
5983.78
5983.78
5937.99
5861.8
5861.8
5861.8
5853.75
5853.75
5853.75
5848.63
5848.63
5838.32
5838.32
5803.24
5803.24
5803.24
5803.24
5803.24
5803.24
5803.24
5803.24
5803.24
5803.24
5779.57
5779.57
5779.57
5779.57
5779.57
5766.74
5766.74
5766.74
5766.74
5766.74
5766.74
5766.74
5686.35
5686.35
5686.35
5686.35
5686.35
5686.35
5686.35
5686.35
5686.35
5686.35
5686.35
5684.07
5684.07
5684.07
5684.07
5684.07
5684.07
5684.07
5684.07
5684.07
5652.09
5652.09
5647.51
5647.51
5647.51
5647.51
5647.51
5647.51
5647.51
5529.56
5529.56
5529.56
5529.56
5529.56
5529.56
5529.56
5529.56
5529.56
5529.56
5529.56
5529.56
5524.46
5524.46
5445.46
5445.46
5445.46
5445.46
5445.46
5445.46
5445.46
5417.17
5417.17
5333.3
5333.3
5333.3
5333.3
5333.3
5333.3
5333.3
5333.3
5333.3
5333.3
5333.3
5333.3
5333.3
5333.3
5333.3
5333.3
5333.3
5333.3
5333.3
5333.3
5333.3
5333.3
5333.3
5333.3
5333.3
5333.3
5333.3
5333.3
5333.3
5333.3
5333.3
5333.3
5333.3
5333.3
5333.3
5333.3
5333.3
5298.13
5248.01
5248.01
5248.01
5248.01
5248.01
5248.01
5248.01
5226.44
5226.44
5226.44
5226.44
5215.7
5215.7
5215.7
5215.7
5215.7
5215.7
5215.7
5215.7
5215.7
5215.7
5215.7
5215.7
5200.43
5138.69
5138.69
5138.69
5138.69
5138.69
5138.69
5138.69
5138.69
5138.69
5138.69
5135.22
5135.22
5135.22
5135.22
5135.22
5135.22
5135.22
5135.22
5135.22
5117.8
5117.8
5117.8
5117.8
5117.8
5117.8
5117.8
5117.8
5116.98
5116.98
5095.81
5095.81
5095.81
5095.81
5095.81
5080.67
5080.67
5080.67
5080.67
5080.67
5080.67
5080.67
5080.67
5080.67
5080.67
5080.67
5080.67
5075.55
5075.55
5075.55
5075.55
5075.55
5075.55
5075.55
5075.55
5075.55
5075.55
5075.55
5075.55
5026.08
5026.08
5026.08
5015.91
5015.91
5015.91
5015.91
5005.96
5005.96
5005.96
5005.96
5005.96
5005.96
5001.68
5001.68
5001.68
5001.68
5001.68
5001.68
5001.68
5001.68
4980.84
4980.84
4980.84
4980.84
4980.84
4980.84
4980.84
4980.84
4980.84
4980.84
4980.84
4969.36
4969.36
4969.36
4969.36
4969.36
4969.36
4969.36
4969.36
4969.36
4969.36
4963.68
4963.68
4963.68
4942.45
4942.45
4942.45
4942.45
4942.45
4942.45
4942.45
4942.45
4942.45
4942.45
4942.45
4942.45
4941.68
4941.68
4941.68
4941.68
4934.1
4934.1
4934.1
4934.1
4934.1
4934.1
4934.1
4934.1
4934.1
4934.1
4934.1
4934.1
4904.81
4904.81
4904.81
4904.81
4904.81
4904.81
4904.81
4904.81
4904.81
4904.81
4904.81
4897.05
4897.05
4897.05
4897.05
4821.03
4802.42
4802.42
4802.42
4802.42
4802.42
4802.42
4802.42
4802.42
4708.13
4708.13
4708.13
4708.13
4708.13
4708.13
4708.13
4708.13
4708.13
4708.13
4708.13
4708.13
4708.13
4708.13
4708.13
4708.13
4708.13
4708.13
4708.13
4708.13
4708.13
4708.13
4708.13
4708.13
4708.13
4708.13
4708.13
4708.13
4708.13
4708.13
4708.13
4708.13
4708.13
4708.13
4708.13
4708.13
4708.13
4708.13
4708.13
4708.13
4708.13
4708.13
4691.49
4673.28
4673.28
4673.28
4673.28
4673.28
4673.28
4673.28
4673.28
4673.28
4645.62
4645.62
4645.62
4645.62
4645.62
4645.62
4645.62
4645.62
4645.62
4645.62
4645.62
4645.62
4645.62
4645.62
4645.62
4557.39
4557.39
4557.39
4557.39
4557.39
4557.39
4557.39
4536.7
4536.7
4536.7
4536.7
4536.7
4536.7
4536.7
4536.7
4536.7
4536.7
4536.7
4536.7
4536.7
4536.7
4536.7
4527.9
4527.9
4527.9
4527.9
4527.9
4527.9
4527.9
4527.9
4498.78
4498.78
4498.78
4498.78
4498.78
4491.78
4491.78
4491.78
4491.78
4491.78
4491.78
4491.78
4491.78
4491.78
4491.78
4491.78
4491.78
4491.78
4491.78
4491.78
4491.78
4442.21
4442.21
4442.21
4442.21
4442.21
4442.21
4442.21
4442.21
4442.21
4442.21
4442.21
4442.21
4442.21
4442.21
4442.21
4442.21
4442.21
4442.21
4442.21
4442.21
4442.21
4442.21
4442.21
4442.21
4442.21
4440.62
4440.62
4438.79
4438.79
4438.79
4438.79
4438.79
4438.79
4438.79
4438.79
4438.79
4431.98
4431.98
4431.98
4431.98
4431.98
4431.98
4431.98
4431.09
4377.46
4377.46
4377.46
4377.46
4377.46
4377.46
4377.46
4377.46
4377.46
4377.46
4377.46
4377.46
4377.46
4377.46
4377.46
4377.46
4377.46
4377.46
4377.46
4377.46
4377.46
4377.46
4377.46
4377.46
4377.46
4377.46
4377.46
4377.46
4377.46
4377.46
4377.46
4377.46
4377.46
4377.46
4377.46
4272.89
4272.89
4272.89
4272.89
4272.89
4272.89
4272.89
4272.89
4272.89
4272.89
4272.89
4272.89
4272.89
4272.89
4272.89
4272.89
4272.89
4272.89
4272.89
4272.89
4272.89
4272.89
4272.89
4272.89
4272.89
4272.89
4272.89
4272.89
4272.89
4272.89
4272.89
4272.89
4272.89
4272.89
4272.89
4254.28
4254.28
4254.28
4254.28
4254.28
4254.28
4254.28
4254.28
4254.28
4254.28
4254.28
4254.28
4216.36
4216.36
4216.36
4216.36
4216.36
4216.36
4216.36
4216.36
4216.36
4216.36
4216.36
4216.36
4216.36
4216.36
4216.36
4216.36
4216.36
4216.36
4216.36
4216.36
4216.36
4216.36
4216.36
4216.36
4216.36
4216.36
4216.36
4216.36
4216.36
4203
4203
4203
4203
4203
4203
4203
4203
4203
4203
4203
4203
4203
4203
4203
4203
4203
4203
4203
4203
4203
4203
4178.39
4178.39
4178.39
4178.39
4178.39
4178.39
4178.39
4178.39
4178.39
4178.39
4178.39
4178.39
4178.39
4178.39
4178.39
4178.39
4178.39
4178.39
4178.39
4178.39
4178.39
4178.39
4178.39
4178.39
4178.39
4178.39
4178.39
4178.39
4176.53
4176.53
4176.53
4176.53
4176.53
4176.53
4176.53
4176.53
4176.53
4176.53
4176.53
4176.53
4176.53
4176.53
4151.92
4151.92
4151.92
4151.92
4151.92
4151.92
4151.92
4151.92
4147.23
4147.23
4147.23
4147.23
4147.23
4147.23
4147.23
4147.23
4147.23
4147.23
4147.23
4147.23
4147.23
4147.23
4147.23
4147.23
4147.23
4147.23
4147.23
4147.23
4147.23
4147.23
4147.23
4147.23
4147.23
4147.23
4147.23
4147.23
4147.23
4147.23
4147.23
4147.23
4147.23
4147.23
4147.23
4147.23
4147.23
4147.23
4147.23
4147.23
4127.2
4127.2
4127.2
4127.2
4127.2
4127.2
4127.2
4127.2
4127.2
4127.2
4127.2
4127.2
4127.2
4127.2
4127.2
4127.2
4127.2
4127.2
4127.2
4127.2
4127.2
4127.2
4127.2
4127.2
4127.2
4127.2
4127.2
4127.2
4121.46
4121.46
4121.46
4121.46
4070.11
4070.11
4070.11
4070.11
4070.11
4070.11
4070.11
4070.11
4070.11
4070.11
4070.11
4070.11
4070.11
4070.11
4070.11
4070.11
4070.11
4070.11
4070.11
4070.11
4070.11
4070.11
4070.11
4070.11
4070.11
4070.11
4070.11
4070.11
4070.11
4070.11
4070.11
4070.11
4070.11
4070.11
4070.11
4070.11
4070.11
4070.11
4070.11
4070.11
4070.11
4070.11
4070.11
4070.11
4070.11
4070.11
4070.11
4070.11
4070.11
4070.11
4070.11
4070.11
4070.11
4070.11
4070.11
4070.11
4070.11
4070.11
4070.11
4070.11
4070.11
4070.11
4070.11
4070.11
4070.11
4070.11
4070.11
4070.11
4070.11
4070.11
4070.11
4070.11
4070.11
4070.11
4070.11
4070.11
4070.11
4070.11
4070.11
4070.11
4070.11
4070.11
4070.11
4070.11
4070.11
4070.11
4070.11
4070.11
4070.11
4070.11
4070.11
4070.11
4070.11
4070.11
4070.11
4070.11
4070.11
4070.11
4070.11
4070.11
4070.11
4070.11
4070.11
4070.11
4070.11
4070.11
4070.11
4070.11
4070.11
4070.11
4070.11
4070.11
4070.11
4070.11
4070.11
4070.11
4070.11
4070.11
4070.11
4070.11
4070.11
4070.11
4070.11
4070.11
4070.11
4070.11
4070.11
4070.11
4070.11
4070.11
4070.11
4070.11
4070.11
4070.11
4070.11
4070.11
4070.11
4070.11
4070.11
4070.11
4070.11
4070.11
4070.11
4070.11
4070.11
4070.11
4070.11
4070.11
4070.11
4070.11
4070.11
4070.11
4070.11
4070.11
4070.11
4070.11
4070.11
4070.11
4070.11
4070.11
4070.11
4063.2
4063.2
4063.2
4063.2
4063.2
4063.2
4063.2
4063.2
4063.2
4063.2
4063.2
4063.2
4063.2
4063.2
4063.2
4063.2
4063.2
4063.2
4063.2
4063.2
4063.2
4063.2
4063.2
4063.2
4063.2
4063.2
4063.2
4063.2
4063.2
4063.2
4063.2
4063.2
4063.2
4063.2
4048.85
4048.85
4048.85
4048.85
4048.85
4048.85
4048.85
4048.85
4048.85
4048.85
4048.85
4048.85
4048.85
4048.85
4048.85
4048.85
4048.85
4048.85
4048.85
4048.85
4048.85
4048.85
4048.85
4048.85
4048.85
4048.85
4048.85
4048.85
4048.85
4048.85
4048.85
4048.85
4048.85
4048.85
4048.85
4048.85
4048.85
4048.85
4048.85
4048.85
4048.85
4048.85
4048.85
4048.85
4048.85
4048.85
4048.85
4048.85
4048.85
4048.85
4040.21
4040.21
4040.21
4040.21
4040.21
4040.21
4040.21
4040.21
4040.21
4040.21
4040.21
4040.21
4040.21
4040.21
4040.21
4040.21
4040.21
4040.21
4040.21
4040.21
4040.21
4040.21
4040.21
4040.21
4040.21
4040.21
4040.21
4040.21
4040.21
4040.21
4040.21
4040.21
4040.21
4040.21
4040.21
4040.21
4040.21
4040.21
4040.21
4040.21
4040.21
4040.21
4040.21
4040.21
4040.21
4040.21
4040.21
4040.21
4040.21
4040.21
4040.21
4040.21
4040.21
4040.21
4029.98
4029.98
4029.98
4029.98
4029.98
4029.98
4029.98
4029.98
4029.98
4029.98
4029.98
4029.98
4029.98
4029.98
4029.98
4029.98
4029.98
4029.98
4029.98
4029.98
4029.98
4029.98
4029.98
4029.98
4029.98
4029.98
4029.98
4029.98
4029.98
4029.98
4029.98
4029.98
4029.98
4029.98
4029.98
4029.98
4029.98
4029.98
4029.98
4029.98
4029.98
4029.98
4029.98
4029.98
4029.98
4029.98
4029.98
4029.98
4029.98
4029.98
4026.21
4026.21
4026.21
4026.21
4026.21
4026.21
4026.21
4026.21
4026.21
4026.21
4026.21
4026.21
4026.21
4026.21
4026.21
4026.21
4026.21
4026.21
4026.21
4026.21
4026.21
4026.21
4026.21
4026.21
4026.21
4026.21
4026.21
4026.21
4026.21
4026.21
4026.21
4026.21
4026.21
4026.21
4026.21
4026.21
4026.21
4026.21
4026.21
4026.21
4026.21
4026.21
4026.21
4026.21
4026.21
4026.21
4026.21
4026.21
4026.21
4026.21
4026.21
4026.21
4026.21
4026.21
4026.21
4026.21
4026.21
4026.21
4026.21
4026.21
4026.21
4026.21
4026.21
4026.21
4026.21
4026.21
4026.21
4026.21
4026.21
4026.21
4026.21
4026.21
4026.21
4026.21
4026.21
4026.21
4026.21
4026.21
4026.21
4026.21
4026.21
4026.21
4026.21
4026.21
4026.21
4026.21
4026.21
4026.21
4026.21
4026.21
4026.21
4026.21
4026.21
4026.21
4026.21
4026.21
4026.21
4026.21
4026.21
4026.21
4026.21
4026.21
4026.21
4026.21
4026.21
4026.21
4026.21
4026.21
4026.21
4026.21
4026.21
4026.21
4026.21
4026.21
4026.21
4026.21
4026.21
4026.21
4026.21
4026.21
4026.21
4026.21
4026.21
4026.21
4026.21
4026.21
4026.21
4026.21
4026.21
4026.21
4026.21
4026.21
4026.21
4026.21
4026.21
4026.21
4026.21
4026.21
4026.21
4026.21
4026.21
4026.21
4026.21
4026.21
4026.21
4026.21
4026.21
4026.21
4026.21
4026.21
4026.21
4026.21
4026.21
4026.21
4026.21
4026.21
4026.21
4026.21
4026.21
4026.21
4026.21
4026.21
4026.21
4026.21
4026.21
4026.21
4026.21
4026.21
4026.21
4026.21
4026.21
4022.6
4022.6
4022.6
4022.6
4022.6
4022.6
4022.6
4022.6
4022.6
4022.6
4022.6
4022.6
4022.6
4022.6
4022.6
4022.6
4022.6
4022.6
4022.6
4022.6
4022.6
4022.6
4022.6
4022.6
4022.6
4022.6
4022.6
4022.6
4022.6
4022.6
4022.6
4022.6
4022.6
4022.6
4022.6
4022.6
4022.6
4022.6
4022.6
4022.6
4022.6
4022.6
4022.6
4022.6
4022.6
4022.6
4022.6
4022.6
4022.6
4022.6
4022.6
4022.6
4022.6
4022.6
4022.6
4022.6
4022.6
4022.6
4022.6
4022.6
4022.6
4022.6
4022.6
4022.6
4022.6
4022.6
4022.6
4022.6
4022.6
4022.6
4022.6
4022.6
4022.6
4022.6
4022.6
4022.6
4022.6
4022.6
4022.6
4022.6
4022.6
4022.6
4022.6
4022.6
4022.6
4022.6
4022.6
4022.6
4022.6
4022.6
4022.6
4022.6
4022.6
4022.6
4022.6
4022.6
4022.6
4022.6
4022.6
4022.6
4022.6
4022.6
4022.6
4022.6
4022.6
4022.6
4022.6
4022.6
4022.6
4022.6
4022.6
4022.6
4022.6
4022.6
4022.6
4022.6
4022.6
4022.6
4022.6
4022.6
4022.6
4022.6
4022.6
4022.6
4022.6
4022.6
4022.6
4022.6
4022.6
4022.6
4022.6
4022.6
4022.6
4022.6
4021.03
4021.03
4021.03
4021.03
4021.03
4021.03
4021.03
4021.03
4021.03
4021.03
4021.03
4021.03
4021.03
4021.03
4021.03
4021.03
4021.03
4021.03
4021.03
4021.03
4021.03
4021.03
4021.03
4021.03
4021.03
4021.03
4021.03
4021.03
4021.03
4021.03
4021.03
4021.03
4021.03
4021.03
4021.03
4021.03
4021.03
4021.03
4021.03
4021.03
4021.03
4021.03
4021.03
4021.03
4021.03
4021.03
4021.03
4021.03
4021.03
4021.03
4021.03
4021.03
4021.03
4021.03
4021.03
4021.03
4021.03
4021.03
4021.03
4021.03
4021.03
4021.03
4021.03
4021.03
4021.03
4021.03
4021.03
4021.03
4021.03
4021.03
4021.03
4021.03
4021.03
4021.03
4021.03
4021.03
4021.03
4021.03
4021.03
4021.03
4021.03
4021.03
4021.03
4021.03
4021.03
4021.03
4021.03
4021.03
4021.03
4021.03
4021.03
4021.03
4021.03
4021.03
4021.03
4021.03
4021.03
4021.03
4021.03
4021.03
4021.03
4021.03
4021.03
4021.03
4021.03
4021.03
4021.03
4021.03
4021.03
4021.03
4021.03
4021.03
4021.03
4021.03
4021.03
4021.03
4021.03
4021.03
4021.03
4021.03
4021.03
4021.03
4021.03
4021.03
4021.03
4021.03
4021.03
4021.03
4021.03
4021.03
4021.03
4021.03
4021.03
4021.03
4021.03
4021.03
4021.03
4021.03
4021.03
4021.03
4021.03
4021.03
4021.03
4021.03
4021.03
4021.03
4021.03
4021.03
4021.03
4021.03
4021.03
4021.03
4021.03
4021.03
4021.03
4021.03
4021.03
4021.03
4021.03
4021.03
4021.03
4021.03
4021.03
4021.03
4021.03
4021.03
4021.03
4021.03
4021.03
4021.03
4021.03
4021.03
4021.03
4021.03
4021.03
4021.03
4021.03
4021.03
4021.03
4021.03
4021.03
4021.03
4021.03
4021.03
4021.03
4021.03
4021.03
4021.03
4021.03
4021.03
4021.03
4021.03
4021.03
4021.03
4021.03
4021.03
4021.03
4021.03
4021.03
4021.03
4021.03
4021.03
4021.03
4021.03
4021.03
4021.03
4021.03
4021.03
4021.03
4021.03
4019.77
4019.77
4019.77
4019.77
4019.77
4019.77
4019.77
4019.77
4019.77
4019.77
4019.77
4019.77
4019.77
4019.77
4019.77
4019.77
4019.77
4019.77
4019.77
4019.77
4019.77
4019.77
4019.77
4019.77
4019.77
4019.77
4019.77
4019.77
4019.77
4019.77
4019.77
4019.77
4019.77
4019.77
4019.77
4019.77
4019.77
4019.77
4019.77
4019.77
4019.77
4019.77
4019.77
4019.77
4019.77
4019.77
4019.77
4019.77
4019.77
4019.77
4019.77
4019.77
4019.77
4019.77
4019.77
4019.77
4019.77
4019.77
4019.77
4019.77
4019.77
4019.77
4019.77
4019.77
4019.77
4019.77
4019.77
4019.77
4019.77
4019.77
4019.77
4019.77
4019.77
4019.77
4019.77
4019.77
4019.77
4019.77
4019.77
4019.77
4019.77
4019.77
4019.77
4019.77
4019.77
4019.77
4019.77
4019.77
4019.77
4019.77
4019.77
4019.77
4019.77
4019.77
4019.77
4019.77
4019.77
4019.77
4019.77
4019.77
4019.77
4019.77
4019.77
4019.77
4019.77
4019.77
4019.77
4019.77
4019.77
4019.77
4019.77
4019.77
4019.77
4019.77
4019.77
4019.77
4019.77
4019.77
4019.77
4019.77
4019.77
4019.77
4019.77
4019.77
4019.77
4019.77
4019.77
4019.77
4019.77
4019.77
4019.77
4019.77
4019.77
4019.77
4019.77
4019.77
4019.77
4019.77
4019.77
4019.77
4019.77
4019.77
4019.77
4019.77
4019.77
4019.77
4019.77
4019.77
4019.77
4019.77
4019.77
4019.77
4019.77
4019.77
4019.77
4019.77
4019.77
4019.77
4019.77
4019.77
4019.77
4019.77
4019.77
4019.77
4019.77
4019.77
4019.77
4019.77
4019.77
4019.77
4019.77
4019.77
4019.77
4019.77
4019.77
4019.77
4019.77
4019.77
4019.77
4019.77
4019.77
4019.77
4019.77
4019.77
4019.77
4019.77
4019.77
4019.77
4019.77
4019.77
4019.77
4019.77
4019.77
4019.77
4019.77
4019.77
4019.77
4019.77
4019.77
4019.77
4019.77
4019.77
4019.77
4019.77
4019.77
4019.77
4019.77
4019.77
4019.77
4019.77
4019.77
4019.77
4019.77
4019.77
4019.77
4019.77
4019.77
4019.77
4019.77
4019.77
4019.77
4019.77
4019.77
4019.77
4019.77
4019.77
4019.77
4019.77
4019.77
4019.77
4019.77
4019.77
4019.77
4019.77
4019.77
4019.77
4019.77
4019.77
4019.77
4019.77
4019.77
4019.77
4019.77
4019.77
4019.77
4019.77
4019.77
4019.77
4019.77
4019.77
4019.77
4019.77
4019.77
4019.77
4019.77
4019.77
4019.77
4019.77
4019.77
4019.77
4019.77
4019.77
4019.77
4019.77
4019.77
4019.77
4019.77
4019.77
4019.77
4019.77
4019.77
4019.77
4019.77
4019.77
4019.77
4019.77
4019.77
4019.77
4019.77
4019.77
4019.77
4019.77
4019.77
4019.77
4019.77
4019.77
4019.77
4019.77
4019.77
4019.77
4019.77
4019.77
4019.77
4012.4
4012.4
4012.4
4012.4
4012.4
4012.4
4012.4
4012.4
4012.4
4012.4
4012.4
4012.4
4012.4
4012.4
4012.4
4012.4
4012.4
4012.4
4012.4
4012.4
4012.4
4012.4
4012.4
4012.4
4012.4
4012.4
4012.4
4012.4
4012.4
4012.4
4012.4
4012.4
4012.4
4012.4
4012.4
4012.4
4012.4
4012.4
4012.4
4012.4
4012.4
4012.4
4012.4
4012.4
4012.4
4012.4
4012.4
4012.4
4012.4
4012.4
4012.4
4012.4
4012.4
4012.4
4012.4
4012.4
4012.4
4012.4
4012.4
4012.4
4012.4
4012.4
4012.4
4012.4
4012.4
4012.4
4012.4
4012.4
4012.4
4012.4
4012.4
4012.4
4012.4
4012.4
4012.4
4012.4
4012.4
4012.4
4012.4
4012.4
4012.4
4012.4
4012.4
4012.4
4012.4
4012.4
4012.4
4012.4
4012.4
4012.4
4012.4
4012.4
4012.4
4012.4
4012.4
4012.4
4012.4
4012.4
4012.4
4012.4
4012.4
4012.4
4012.4
4012.4
4012.4
4012.4
4012.4
4012.4
4012.4
4008.6
4008.6
4008.6
4008.6
4008.6
4008.6
4008.6
4008.6
4008.6
4008.6
4008.6
4008.6
4008.6
4008.6
4008.6
4008.6
4008.6
4008.6
4008.6
4008.6
4008.6
4008.6
4008.6
4008.6
4008.6
4008.6
4008.6
4008.6
4008.6
4008.6
4008.6
4008.6
4008.6
4008.6
4008.6
4008.6
4008.6
4008.6
4008.6
4008.6
4008.6
4008.6
4008.6
4008.6
4008.6
4008.6
4008.6
4008.6
4008.6
4008.6
4008.6
4008.6
4008.6
4008.6
4008.6
4008.6
4008.6
4008.6
4008.6
4008.6
4008.6
4008.6
4008.6
4008.6
4008.6
4008.6
4008.6
4008.6
4008.6
4008.6
4008.6
4008.6
4008.6
4008.6
4008.6
4008.6
4008.6
4008.6
4008.6
4008.6
4008.6
4008.6
4008.6
4008.6
4008.6
4008.6
4008.6
4008.6
4008.6
4008.6
4008.6
4008.6
4008.6
4008.6
4008.6
4008.6
4008.6
4008.6
4008.6
4008.6
4008.6
4008.6
4008.6
4008.6
4008.6
4008.6
4008.6
4008.6
4008.6
4008.6
4008.6
4008.6
4008.6
4008.6
4008.6
4008.6
4008.6
4008.6
4008.6
4008.6
4008.6
4008.6
4008.6
4008.6
4008.6
4008.6
4008.6
4008.6
4008.6
4008.6
4008.6
4008.6
4008.6
4008.6
4008.6
4008.6
4008.6
4008.6
4008.6
4008.6
4008.6
4008.6
4008.6
4008.6
4008.6
4008.6
4008.6
4008.6
4008.6
4008.6
4008.6
4008.6
4008.6
4008.6
4008.6
4008.6
4008.6
4008.6
4008.6
4008.6
4008.6
4008.6
4008.6
4008.6
4008.6
4008.6
4008.6
4008.6
4008.6
4008.6
4008.6
4008.6
4008.6
4008.6
4008.6
4008.6
4008.6
4008.6
4008.6
4008.6
4008.6
4008.6
4008.6
4008.6
4008.6
4008.6
4008.6
4008.6
4008.6
4008.6
4008.6
4008.6
4008.6
4008.6
4008.6
4008.6
4008.6
4008.6
4008.6
4008.6
4008.6
4008.6
4008.6
4008.6
4008.6
4008.6
4008.6
4008.6
4008.6
4008.6
4008.6
4008.6
4008.6
4008.6
4008.6
4008.6
4008.6
4008.6
4008.6
4008.6
4008.6
4008.6
4008.6
4008.6
4008.6
4008.6
4008.6
4008.6
4008.6
4008.6
4008.6
4008.6
4008.6
4008.6
4008.6
4008.6
4008.6
4008.6
4008.6
4008.6
4008.6
4008.6
4008.6
4008.6
4008.6
4008.6
4008.6
4008.6
4008.6
4008.6
4008.6
4008.6
4008.6
4008.6
4008.6
4008.6
4008.6
4008.6
4008.6
4008.6
4008.6
4008.6
4008.6
4008.6
4008.6
4008.6
4008.6
4008.6
4008.6
4008.6
4008.6
4008.6
4008.6
4008.6
4008.6
4008.6
4008.6
4008.6
4008.6
4008.6
4008.6
4008.6
4008.6
4008.6
4008.6
4008.6
4008.6
4008.6
4008.6
4008.6
4008.6
4008.6
4008.6
4008.6
4008.6
4008.6
4008.6
4008.6
4008.6
4008.6
4008.6
4008.6
4008.6
4008.6
4008.6
4008.6
4008.6
4008.6
4008.6
4008.6
4008.6
4005.6
4005.6
4005.6
4005.6
4005.6
4005.6
4005.6
4005.6
4005.6
4005.6
4005.6
4005.6
4005.6
4005.6
4005.6
4005.6
4005.6
4005.6
4005.6
4005.6
4005.6
4005.6
4005.6
4005.6
4005.6
4005.6
4005.6
4005.6
4005.6
4005.6
4005.6
4005.6
4005.6
4005.6
4005.6
4005.6
4005.6
4005.6
4005.6
4005.6
4005.6
4005.6
4005.6
4005.6
4005.6
4005.6
4005.6
4005.6
4005.6
4005.6
4005.6
4005.6
4005.6
4005.6
4005.6
4005.6
4005.6
4005.6
4005.6
4005.6
4005.6
4005.6
4005.6
4005.6
4005.6
4005.6
4005.6
4005.6
4005.6
4005.6
4005.6
4005.6
4005.6
4005.6
4005.6
4005.6
4005.6
4005.6
4005.6
4005.6
4005.6
4005.6
4005.6
4005.6
4005.6
4005.6
4005.6
4005.6
4005.6
4005.6
4005.6
4005.6
4005.6
4005.6
4005.6
4005.6
4005.6
4005.6
4005.6
4005.6
4005.6
4005.6
4005.6
4005.6
4005.6
4005.6
4005.6
4005.6
4005.6
4005.6
4005.6
4005.6
4005.6
4005.6
4005.6
4005.6
4005.6
4005.6
4005.6
4005.6
4005.6
4005.6
4005.6
4005.6
4005.6
4005.6
4005.6
4005.6
4005.6
4005.6
4005.6
4005.6
4005.6
4005.6
4005.6
4005.6
4005.6
4005.6
4001.83
4001.83
4001.83
4001.83
4001.83
4001.83
4001.83
4001.83
4001.83
4001.83
4001.83
4001.83
4001.83
4001.83
4001.83
4001.83
4001.83
4001.83
4001.83
4001.83
4001.83
4001.83
4001.83
4001.83
4001.83
4001.83
4001.83
4001.83
4001.83
4001.83
4001.83
4001.83
4001.83
4001.83
4001.83
4001.83
4001.83
4001.83
4001.83
4001.83
4001.83
4001.83
4001.83
4001.83
4001.83
4001.83
4001.83
4001.83
4001.83
4001.83
4001.83
4001.83
4001.83
4001.83
4001.83
4001.83
4001.83
4001.83
4001.83
4001.83
4001.83
4001.83
4001.83
4001.83
4001.83
4001.83
4001.83
4001.83
4001.83
4001.83
4001.83
4001.83
4001.83
4001.83
4001.83
4001.83
4001.83
4001.83
4001.83
4001.83
4001.83
4001.83
4001.83
4001.83
4001.83
4001.83
4001.83
4001.83
4001.83
4001.83
4001.83
4001.83
4001.83
4001.83
4001.83
4001.83
4001.83
4001.83
4001.83
4001.83
4001.83
4001.83
4001.83
4001.83
4001.83
4001.83
4001.83
4001.83
4001.83
4001.83
4001.83
4001.83
4001.83
4001.83
4001.83
4001.83
4001.83
4001.83
4001.83
4001.83
4001.83
4001.83
4001.83
4001.83
4001.83
4001.83
4001.83
4001.83
4001.83
4001.83
4001.83
4001.83
4001.83
4001.83
4001.83
4001.83
4001.83
4001.83
4001.83
4001.83
4001.83
4001.83
4001.83
4001.83
4001.83
4001.83
4001.83
4001.83
4001.83
4001.83
4001.83
4001.83
4001.83
4001.83
4001.83
4001.83
4001.83
4001.83
4001.83
4001.83
4001.83
4001.83
4001.83
4001.83
4001.83
4001.83
4001.83
4001.83
4001.83
4001.83
4001.83
4001.83
4001.83
4001.83
4001.83
4001.83
4001.83
4001.83
4001.83
4001.83
4001.83
4001.83
4001.83
4001.83
4001.83
4001.83
4001.83
4001.83
4001.83
4001.83
4001.83
4001.83
4001.83
4001.83
4001.83
4001.83
4001.83
4001.83
4001.83
4001.83
4001.83
4001.83
4001.83
4001.83
4001.83
4001.83
4001.83
4001.83
4001.83
4001.83
4001.83
4001.83
4001.83
4001.83
4001.83
4001.83
4001.83
4001.83
4001.83
4001.83
4001.83
4001.83
4001.83
4001.83
4001.83
4001.83
4001.83
4001.83
4001.83
4001.83
4001.83
4001.83
4001.83
4001.83
4001.83
4001.83
4001.83
4001.83
4001.83
4001.83
4001.83
4001.83
4001.83
4001.83
4001.83
4001.83
4001.83
4001.83
4001.83
4001.83
4001.83
4001.83
4001.83
4001.83
4001.83
4001.83
4001.83
4001.83
4001.83
4001.83
4001.83
4001.83
4001.83
4001.83
4001.83
4001.83
4001.83
4001.83
4001.83
4001.83
4001.83
4001.83
4001.83
4001.83
4001.83
4001.83
4001.83
4001.83
4001.83
4001.83
4001.83
4001.83
4001.83
4001.83
4001.83
4001.83
4001.83
4001.83
4001.83
4001.83
4001.83
4001.83
4001.83
4001.83
4001.83
4001.83
4001.83
4001.83
4001.83
4001.83
4001.83
4001.83
4001.83
4001.83
4001.83
4001.83
4001.83
4001.83
4001.83
4001.83
4001.83
4001.83
4001.83
4001.83
4001.83
4001.83
4001.83
4001.83
4001.83
4001.83
4001.83
4001.83
4001.83
4001.83
4001.83
4001.83
4001.83
4001.83
4001.83
4001.83
4001.83
4001.83
4001.83
4001.83
4001.83
4001.83
4001.83
4001.83
4001.83
4001.83
4001.83
4001.83
4001.83
4001.83
4001.83
4001.83
4001.83
4001.83
4001.83
4001.83
4001.83
4001.83
4001.83
4001.83
4001.83
4001.83
4001.83
4001.83
4001.83
4001.83
4001.83
4001.83
4001.83
4001.83
4001.83
4001.83
4001.83
4001.83
4001.83
4001.83
4001.83
4001.83
4001.83
4001.83
4001.83
4001.83
4001.83
4001.83
4001.83
4001.83
4001.83
4001.83
4001.83
4001.83
4001.83
4001.83
4001.83
4001.83
4001.83
4001.83
4001.83
4001.83
4001.83
4001.83
4001.83
4001.83
4001.83
4001.83
4001.83
4001.83
4001.83
4001.83
4001.83
4001.83
4001.83
4001.83
4001.83
4001.83
4001.83
4001.83
4001.83
4001.83
4001.83
4001.83
4001.83
4001.83
4001.83
4001.83
4001.83
4001.83
4001.83
4001.83
4001.83
4001.83
4001.83
4001.83
4001.83
4001.83
4001.83
4001.83
4001.83
4001.83
4001.83
4001.83
4001.83
4001.83
4001.83
4001.83
4001.83
4001.83
4001.83
4001.83
4001.83
4001.83
4001.83
4001.83
4001.83
4001.83
4001.83
4001.83
4001.83
4001.83
4001.83
4001.83
4001.83
4001.83
4001.83
4001.83
4001.83
4001.83
4001.83
4001.83
4001.83
4001.83
4001.83
4001.83
4001.83
4001.83
4001.83
4001.83
4001.83
4001.83
4001.83
4001.83
4001.83
4001.83
4001.83
4001.83
4001.83
4001.83
4001.83
4001.83
4001.83
4001.83
4001.83
4001.83
4001.83
4001.83
4001.83
4001.83
4001.83
4001.83
4001.83
4001.83
4001.83
4001.83
4001.83
4001.83
4001.83
4001.83
4001.83
4001.83
4001.83
4001.83
4001.83
4001.83
4001.83
4001.83
4001.83
4001.83
4001.83
4001.83
4001.83
4001.83
4001.83
4001.83
4001.83
4001.83
4001.83
4001.83
4001.83
4001.83
4001.83
4001.83
4001.83
4001.83
4001.83
4001.83
4001.83
4001.83
4001.83
4001.83
4001.83
4001.83
4001.83
4001.83
4001.83
4001.83
4001.83
4001.83
4001.83
4001.83
4001.83
4001.83
4001.83
4001.83
4001.83
4001.83
4001.83
4001.83
4001.83
4001.83
4001.83
4001.83
4001.83
4001.83
4001.83
4001.83
4001.83
4001.83
4001.83
4001.83
4001.83
4001.83
4001.83
4001.83
4001.83
4001.83
4001.83
4001.83
4001.83
4001.83
4001.83
4001.83
4001.83
4001.83
4001.83
4001.83
4001.83
4001.83
4001.83
4001.83
4001.83
4001.83
4001.83
4001.83
4001.83
4001.83
4001.83
4001.83
4001.83
4001.83
4001.83
4001.83
4001.83
4001.83
4001.83
4001.83
4001.83
4001.83
4001.83
4001.83
4001.83
4001.83
4001.83
4001.83
4001.83
4001.83
4001.83
4001.83
4001.83
4001.83
4001.83
4001.83
4001.83
4001.83
4001.83
4001.83
4001.83
4001.83
4001.83
4001.83
4001.83
4001.83
4001.83
4001.83
4001.83
4001.83
4001.83
4001.83
4001.83
4001.83
4001.83
4001.83
4001.83
4001.83
4001.83
4001.83
4001.83
4001.83
4001.83
4001.83
4001.83
4001.83
4001.83
4001.83
4001.83
4001.83
4001.83
4001.83
4001.83
4001.83
4001.83
4001.83
4001.83
4001.83
4001.83
4001.83
4001.83
4001.83
4001.83
4001.83
4001.83
4001.83
4001.83
4001.83
4001.83
4001.83
4001.83
4001.83
4001.83
4001.83
4001.83
4001.83
4001.83
4001.83
4001.83
4001.83
4001.83
4001.83
4001.83
4001.83
4001.83
4001.83
4001.83
4001.83
4001.83
4001.83
4001.83
4001.83
4001.83
4001.83
4001.83
4001.83
4001.83
4001.83
4001.83
4001.83
4001.83
4001.83
4001.83
4001.83
4001.83
4001.83
4001.83
4001.83
4001.83
4001.83
4001.83
4001.83
4001.83
4001.83
4001.83
4001.83
4001.83
4001.83
4001.83
4001.83
4001.83
4001.83
4001.83
4001.83
4001.83
4001.83
4001.83
4001.83
4001.83
4001.83
4001.83
4001.83
4001.83
4001.83
4001.83
4001.83
4001.83
4001.83
4001.83
4001.83
4001.83
4001.83
4001.83
4001.83
4001.83
4001.83
4001.83
4001.83
4001.83
4001.83
4001.83
4001.83
4001.83
4001.83
4001.83
4001.83
4001.83
4001.83
4001.83
4001.83
4001.83
4001.83
4001.83
4001.83
4001.83
4001.83
4001.83
4001.83
4001.83
4001.83
4001.83
4001.83
4001.83
4001.83
4001.83
4001.83
4001.83
4001.83
4001.83
4001.83
4001.83
4001.83
4001.83
4001.83
4001.83
4001.83
4001.83
4001.83
4001.83
4001.83
4001.83
4001.83
4001.83
4001.83
4001.83
4001.83
4001.83
4001.83
4001.83
4001.83
4001.83
4001.83
4001.83
4001.83
4001.83
4001.83
4001.83
4001.83
4001.83
4001.83
4001.83
4001.83
4001.83
4001.83
4001.83
4001.83
4001.83
4001.83
4001.83
4001.83
4001.83
4001.83
4001.83
4001.83
4001.83
4001.83
4001.83
4001.83
4001.83
4001.83
4001.83
4001.83
4001.83
4001.83
4001.83
4001.83
4001.83
4001.83
4001.83
4001.83
4001.83
4001.83
4001.83
4001.83
4001.83
4001.83
4001.83
4001.83
4001.83
4001.83
4001.83
4001.83
4001.83
4001.83
4001.83
4001.83
4001.83
4001.83
4001.83
4001.83
4001.83
4001.83
4001.83
4001.83
4001.83
4001.83
4001.83
4001.83
4001.83
4001.83
4001.83
4001.83
4001.83
4001.83
4001.83
4001.83
4001.83
4001.83
4001.83
4001.83
4001.83
4001.83
4001.83
4001.83
4001.83
4001.83
4001.83
4001.83
4001.83
4001.83
4001.83
4001.83
4001.83
4001.83
4001.83
4001.83
4001.83
4001.83
4001.83
4001.83
4001.83
4001.83
4001.83
4001.83
4001.83
4001.83
4001.83
4001.83
4001.83
4001.83
4001.83
4001.83
4001.83
4001.83
4001.83
4001.83
4001.83
4001.83
4001.83
4001.83
4001.83
4001.83
4001.83
4001.83
4001.83
4001.83
4001.83
4001.83
4001.83
4001.83
4001.83
4001.83
4001.83
4001.83
4001.83
4001.83
4001.83
4001.83
4001.83
4001.83
4001.83
4001.83
4001.83
4001.83
4001.83
4001.83
4001.83
4001.83
4001.83
4001.83
4001.83
4001.83
4001.83
4001.83
4001.83
4001.83
4001.83
4001.83
4001.83
4001.83
4001.83
4001.83
4001.83
4001.83
4001.83
4001.83
4001.83
4001.83
4001.83
4001.83
4001.83
4001.83
4001.83
4001.83
4001.83
4001.83
4001.83
4001.83
4001.83
4001.83
4001.83
4001.83
4001.83
4001.83
4001.83
4001.83
4001.83
4001.83
4001.83
4001.83
4001.83
4001.83
4001.83
4001.83
4001.83
4001.83
4001.83
4001.83
4001.83
4001.83
4001.83
4001.83
4001.83
4001.83
4001.83
4001.83
4001.83
4001.83
4001.83
4001.83
4001.83
4001.83
4001.83
4001.83
4001.83
4001.83
4001.83
4001.83
4001.83
4001.83
4001.83
4001.83
4001.83
4001.83
4001.83
4001.83
4001.83
4001.83
4001.83
4001.83
4001.83
4001.83
4001.83
4001.83
4001.83
4001.83
4001.83
4001.83
4001.83
4001.83
4001.83
4001.83
4001.83
4001.83
4001.83
4001.83
4001.83
4001.83
4001.83
4001.83
4001.83
4001.83
4001.83
4001.83
4001.83
4001.83
4001.83
4001.83
4001.83
4001.83
4001.83
4001.83
4001.83
4001.83
4001.83
4001.83
4001.83
4001.83
4001.83
4001.83
4001.83
4001.83
4001.83
4001.83
4001.83
4001.83
4001.83
4001.83
4001.83
4001.83
4001.83
4001.83
4001.83
4001.83
4001.83
4001.83
4001.83
4001.83
4001.83
4001.83
4001.83
4001.83
4001.83
4001.83
4001.83
4001.83
4001.83
4001.83
4001.83
4001.83
4001.83
4001.83
4001.83
4001.83
4001.83
4001.83
4001.83
4001.83
4001.83
4001.83
4001.83
4001.83
4001.83
4001.83
4001.83
4001.83
4001.83
4001.83
4001.83
4001.83
4001.83
4001.83
4001.83
4001.83
4001.83
4001.83
4001.83
4001.83
4001.83
4001.83
4001.83
4001.83
4001.83
4001.83
4001.83
4001.83
4001.83
4001.83
4001.83
4001.83
4001.83
4001.83
4001.83
4001.83
4001.83
4001.83
4001.83
4001.83
4001.83
4001.83
4001.83
4001.83
4001.83
4001.83
4001.83
4001.83
4001.83
4001.83
4001.83
4001.83
4001.83
4001.83
4001.83
4001.83
4001.83
4001.83
4001.83
4001.83
4001.83
4001.83
4001.83
4001.83
4001.83
4001.83
4001.83
4001.83
4001.83
4001.83
4001.83
4001.83
4001.83
4001.83
4001.83
4001.83
4001.83
4001.83
4001.83
4001.83
4001.83
4001.83
4001.83
4001.83
4001.83
4001.83
4001.83
4001.83
4001.83
4001.83
4001.83
4001.83
4001.83
4001.83
4001.83
4001.83
4001.83
4001.83
4001.83
4001.83
4001.83
4001.83
4001.83
4001.83
4001.83
4001.83
4001.83
4001.83
4001.83
4001.83
4001.83
4001.83
4001.83
4001.83
4001.83
4001.83
4001.83
4001.83
4001.83
4001.83
4001.83
4001.83
4001.83
4001.83
4001.83
4001.83
4001.83
4001.83
4001.83
4001.83
4001.83
4001.83
4001.83
4001.83
4001.83
4001.83
4001.83
4001.83
4001.83
4001.83
4001.83
4001.83
4001.83
4001.83
4001.83
4001.83
4001.83
4001.83
4001.83
4001.83
4001.83
4001.83
4001.83
4001.83
4001.83
4001.83
4001.83
4001.83
4001.83
4001.83
4001.83
4001.83
4001.83
4001.83
4001.83
4001.83
4001.83
4001.83
4001.83
4001.83
4001.83
4001.83
4001.83
4001.83
4001.83
4001.83
4001.83
4001.83
4001.83
4001.83
4001.83
4001.83
4001.83
4001.83
4001.83
4001.83
4001.83
4001.83
4001.83
4001.83
4001.83
4001.83
4001.83
4001.83
4001.83
4001.83
4001.83
4001.83
4001.83
4001.83
4001.83
4001.83
4001.83
4001.83
4001.83
4001.83
4001.83
4001.83
4001.83
4001.83
4001.83
4001.83
4001.83
4001.83
4001.83
4001.83
4001.83
4001.83
4001.83
4001.83
4001.83
4001.83
4001.83
4001.83
4001.83
4001.83
4001.83
4001.83
4001.83
4001.83
4001.83
4001.83
4001.83
4001.83
4001.83
4001.83
4001.83
4001.83
4001.83
4001.83
4001.83
4001.83
4001.83
4001.83
4001.83
4001.83
4001.83
4001.83
4001.83
4001.83
4001.83
4001.83