points
292 114
195 361
77 191
387 173
527 337
231 467
162 189
94 356
385 75
212 97
133 446
151 243
286 268
339 68
83 463
56 278
121 240
466 300
177 34
330 548
39 532
240 54
403 243
470 458
419 385
563 44
498 155
395 135
537 544
443 547
347 211
364 41
310 346
425 167
324 88
384 118
233 180
419 363
435 422
499 19
genomes
1 8989.017578 23 19 37 24 17 5 14 6 11 16 18 8 12 7 2 21 10 29 30 13 27 28 25 4 26 38 36 0 39 31 34 3 22 15 32 33 35 20 9 1
2 8718.553711 23 15 37 17 30 24 29 5 21 6 11 16 18 8 20 7 2 14 10 13 27 28 19 4 26 38 36 0 39 31 34 3 22 25 32 33 35 12 9 1
3 8374.171875 23 19 24 37 17 5 29 11 6 16 18 8 12 15 2 21 10 14 30 13 36 0 39 31 34 3 28 7 32 33 35 27 22 25 4 26 38 20 9 1
4 8230.803711 23 19 24 17 5 29 11 6 16 18 8 12 15 2 21 9 14 32 13 38 22 25 4 26 27 36 0 39 31 34 3 37 28 7 30 33 35 20 10 1
5 7941.643066 6 11 16 18 0 26 7 2 21 22 25 30 13 27 28 4 23 29 19 37 24 20 5 14 12 38 36 8 39 31 34 3 10 15 32 33 35 17 9 1
6 7885.767090 6 11 16 18 9 26 7 2 21 22 25 30 13 27 28 4 23 29 19 37 24 20 5 14 12 38 36 8 39 31 34 3 10 15 32 33 35 17 0 1
7 7397.430176 6 11 16 18 0 31 7 20 30 22 25 21 13 27 28 4 23 29 19 37 24 1 5 14 12 38 36 8 39 33 35 17 26 3 34 10 15 32 9 2
8 7039.023926 6 2 18 21 30 0 9 36 29 27 12 25 39 33 8 13 35 34 32 19 14 7 15 16 3 31 1 37 38 22 4 23 26 17 28 24 20 10 5 11
9 6622.209473 6 2 18 21 30 0 9 36 29 1 12 25 39 33 8 13 35 34 32 19 14 7 15 16 3 31 27 37 38 22 4 23 26 17 28 24 10 20 5 11
10 6315.785156 6 2 18 21 30 0 9 36 29 1 12 25 39 33 8 13 35 34 32 19 14 7 15 16 3 31 27 37 38 23 4 22 26 17 28 24 10 20 5 11
13 6222.454102 6 2 18 21 30 0 9 36 29 1 12 25 39 33 8 13 31 27 35 34 32 19 14 7 15 16 3 37 38 23 4 26 17 28 24 22 10 20 5 11
15 6051.807617 7 2 18 21 30 0 9 36 29 1 12 25 39 33 8 13 31 27 35 34 6 15 16 32 37 38 28 4 26 17 23 24 22 3 19 14 10 20 5 11
16 5992.319824 6 2 18 21 30 0 9 36 29 1 12 25 39 33 8 13 34 35 37 38 23 4 22 26 17 3 31 27 10 20 5 28 24 32 19 14 7 15 16 11
17 5992.273438 6 2 18 21 30 0 9 36 29 1 12 25 39 33 8 31 34 35 37 38 23 4 22 26 17 3 13 27 10 20 5 28 24 32 19 14 7 15 16 11
18 5844.104980 7 2 18 21 30 0 9 36 29 23 24 1 12 25 39 33 8 13 31 27 35 34 6 15 16 32 37 38 28 4 26 17 22 3 19 14 10 20 5 11
20 5675.876465 7 2 18 21 30 0 9 36 37 38 28 29 23 24 1 12 25 39 33 8 13 31 27 35 34 6 15 16 32 4 26 17 22 3 19 14 10 20 5 11
22 5667.282227 6 2 18 21 30 0 9 36 1 12 31 25 39 33 8 13 34 35 37 38 23 4 22 26 17 3 27 29 10 20 5 28 24 32 19 14 7 15 16 11
23 5442.933594 6 2 18 21 30 0 31 25 39 33 27 13 34 3 37 38 23 4 22 26 17 35 8 9 36 20 5 28 24 32 19 29 1 12 10 14 7 15 16 11
24 5418.164551 6 2 18 21 30 0 31 25 39 33 27 34 3 37 38 23 4 22 26 17 35 8 13 9 36 20 5 28 24 32 19 29 1 12 10 14 7 15 16 11
25 5313.932617 6 2 18 21 30 1 12 31 25 39 33 8 13 34 35 0 9 36 37 38 23 29 22 26 17 3 27 4 28 24 32 19 14 10 20 5 7 15 16 11
27 5134.050293 6 2 18 21 30 1 12 31 25 39 33 8 13 34 35 0 9 36 37 38 23 29 22 26 17 3 27 4 28 24 32 19 5 14 10 20 7 15 16 11
28 5119.618164 6 2 18 21 30 36 12 31 25 39 33 8 13 34 35 0 9 1 37 38 23 29 22 26 27 3 17 4 28 24 32 19 14 10 20 5 7 15 16 11
29 5061.282715 6 2 18 21 30 0 31 25 39 33 27 13 34 3 37 38 23 4 17 26 22 35 8 9 36 20 5 28 19 29 24 32 1 12 10 14 7 15 16 11
30 4947.694336 6 2 18 21 9 36 30 1 12 31 25 39 33 8 13 34 35 0 37 22 26 17 3 27 38 4 23 29 28 24 32 19 5 14 10 20 7 15 16 11
31 4909.678711 2 6 9 18 21 30 22 26 3 27 4 17 28 24 19 14 10 20 5 1 12 35 25 39 33 8 13 34 31 0 36 32 37 38 23 29 7 15 16 11
34 4865.314453 2 6 9 18 21 30 3 22 26 27 4 17 28 24 19 20 14 10 5 1 12 35 25 39 33 8 13 34 31 0 36 32 37 38 23 29 7 16 11 15
35 4813.896973 2 6 9 18 21 30 3 22 26 27 4 17 28 24 35 25 39 33 8 13 34 31 0 36 32 37 38 23 29 19 14 10 20 5 1 12 7 16 11 15
38 4799.626953 2 6 9 18 21 30 3 22 17 26 27 4 28 24 35 25 39 33 8 13 34 31 0 36 32 37 38 23 29 19 14 10 20 5 1 12 7 16 11 15
39 4564.051270 2 6 9 18 21 30 3 22 26 27 35 25 39 33 8 13 34 31 0 36 32 37 12 38 4 17 28 24 23 29 19 14 10 20 5 1 7 16 11 15
40 4514.608887 2 6 9 18 21 30 3 22 26 27 35 33 39 25 8 13 34 31 0 36 32 37 12 38 4 17 28 24 23 29 19 14 10 20 5 1 7 16 11 15
44 4440.562500 2 6 9 18 21 30 22 3 26 25 39 27 35 33 8 13 34 31 0 36 32 37 12 38 4 17 28 24 23 29 19 14 10 20 5 1 7 16 11 15
53 4386.733398 2 6 9 18 21 30 3 22 26 27 35 25 39 33 8 13 34 31 36 12 0 32 37 38 4 17 28 24 23 29 19 5 10 20 14 1 7 16 11 15
57 4297.331055 2 6 36 12 9 18 21 30 3 22 26 27 35 25 39 33 8 13 34 31 0 32 37 38 4 17 28 24 23 29 19 5 10 20 14 1 7 16 11 15
60 4215.212891 2 6 9 18 21 30 3 22 26 8 35 25 39 33 27 13 34 31 0 12 36 32 37 4 17 28 38 24 23 29 19 5 10 20 14 1 7 16 11 15
67 4214.395020 2 6 9 18 21 30 3 22 33 25 39 26 27 31 8 35 34 13 0 12 36 32 37 4 17 28 38 24 23 29 19 20 14 1 5 10 7 16 11 15
71 4081.585693 2 6 9 18 21 30 3 22 26 27 35 25 39 33 8 13 34 31 0 36 12 32 37 38 4 17 28 24 23 29 19 5 10 20 14 1 7 16 11 15
72 4024.244629 16 11 2 6 9 18 21 30 3 22 26 27 35 25 39 33 8 13 34 31 0 36 12 32 37 38 4 17 28 24 23 29 19 5 10 20 14 1 7 15
73 3957.563721 2 6 9 18 21 30 3 22 26 27 35 25 39 33 8 13 34 31 0 36 12 32 37 24 4 17 28 38 23 29 19 5 10 20 14 1 7 16 11 15
79 3899.332764 2 6 9 18 21 34 31 30 3 22 26 27 35 25 39 33 8 13 0 36 12 32 37 24 17 4 28 38 23 29 19 5 10 20 14 1 7 16 11 15
88 3856.734131 2 6 9 18 21 30 3 22 26 33 8 25 39 27 35 13 34 31 0 36 12 32 37 24 17 4 28 38 23 29 19 5 10 20 14 1 7 16 11 15
89 3832.252930 2 6 9 18 21 30 3 22 26 33 8 25 39 27 35 31 34 13 0 36 12 32 37 24 17 4 28 38 23 29 19 5 10 20 14 1 7 16 11 15
100 3816.897949 2 6 9 18 21 8 25 39 33 30 22 3 26 27 35 13 34 31 0 36 12 32 37 24 17 4 28 38 23 29 19 5 10 20 14 1 7 11 16 15
103 3810.569092 2 6 9 18 21 30 3 22 26 27 8 25 39 33 35 13 34 31 0 36 12 32 37 24 17 4 23 38 28 29 19 5 10 20 14 1 7 11 16 15
105 3766.374756 2 6 9 18 21 34 31 30 26 25 39 33 22 3 27 35 8 13 0 36 12 32 37 24 17 4 28 38 23 29 19 5 10 20 14 1 7 16 11 15
114 3747.983643 2 6 9 18 21 34 31 30 26 25 39 33 22 3 27 35 8 13 0 36 12 32 37 24 17 4 28 38 23 29 19 5 20 14 10 1 7 16 11 15
115 3690.300293 2 6 9 18 21 13 34 8 25 39 26 30 22 3 33 27 35 31 0 36 12 32 37 24 17 4 28 38 23 29 19 5 10 20 14 1 7 11 16 15
132 3646.066162 2 11 16 6 9 18 21 13 34 8 25 39 26 30 22 3 33 27 35 31 0 36 12 32 37 24 17 4 28 38 23 29 19 5 10 20 14 1 7 15
148 3645.763672 2 6 9 18 21 13 34 8 25 39 26 33 3 27 35 31 0 36 12 30 22 32 37 24 17 4 23 28 38 29 19 5 10 20 14 1 7 15 16 11
149 3590.799316 2 6 9 18 21 13 31 8 39 25 33 3 30 22 26 27 35 34 0 36 12 32 37 24 17 4 38 28 23 29 19 5 10 20 14 1 7 11 16 15
169 3579.997070 2 16 11 6 9 18 21 13 34 8 25 39 26 30 22 3 33 27 35 31 0 36 12 32 37 24 38 17 4 28 23 29 19 5 10 20 14 1 7 15
170 3531.809814 2 16 11 6 9 18 21 13 34 8 25 39 26 22 30 3 33 27 35 31 0 36 12 32 37 24 38 17 4 28 23 29 19 5 10 20 14 1 7 15
178 3518.880615 2 11 16 6 9 18 21 13 31 8 25 39 26 22 30 3 33 27 35 34 0 36 12 32 37 24 17 4 28 38 23 29 19 5 10 14 20 1 7 15
180 3495.932861 2 11 16 6 9 18 21 13 31 8 39 25 26 22 30 3 33 35 27 34 0 36 12 32 37 24 17 4 28 38 23 29 19 5 10 14 20 1 7 15
182 3457.840820 2 11 16 6 9 18 21 13 31 8 39 25 26 22 30 3 33 27 35 34 0 36 12 32 37 24 17 4 28 38 23 29 19 5 10 14 20 1 7 15
213 3404.915039 2 11 16 6 9 18 21 13 31 8 39 25 26 22 30 3 33 27 35 34 0 36 12 32 37 24 17 4 38 23 29 28 19 5 10 14 20 1 7 15
217 3350.479736 2 16 11 6 9 18 21 13 31 8 39 25 26 22 30 3 33 27 35 34 0 36 12 32 37 24 17 4 23 38 28 29 19 5 10 14 20 1 7 15
238 3348.191895 2 16 11 6 9 18 21 13 31 8 39 25 26 22 30 3 27 33 35 34 0 36 12 32 38 24 37 17 4 23 28 29 19 5 14 20 10 1 7 15
245 3345.092529 2 16 11 6 9 18 21 13 31 8 39 25 26 22 30 3 33 27 35 34 0 36 12 32 37 24 17 4 23 38 28 29 19 5 10 20 14 1 7 15
255 3328.203125 2 16 11 6 18 9 21 31 13 8 39 25 26 22 30 3 33 27 35 34 0 36 12 32 37 24 17 4 38 23 28 29 19 5 1 10 14 20 7 15
270 3319.213379 2 16 11 6 9 18 21 13 31 8 39 25 26 22 30 3 33 27 35 34 0 36 12 32 37 24 17 4 23 38 28 29 19 5 1 10 14 20 7 15
286 3291.973633 2 16 11 6 9 18 21 31 13 8 39 25 26 22 30 3 33 27 35 34 0 36 12 32 37 24 17 4 38 23 28 29 19 5 1 10 14 20 7 15
294 3281.625977 2 16 11 6 18 9 21 13 31 8 39 25 26 22 30 3 33 27 35 34 0 36 12 32 24 37 17 4 38 23 28 29 19 5 1 10 20 14 7 15
345 3278.894775 10 14 20 7 15 2 16 11 6 9 18 21 31 13 8 39 25 26 22 30 3 33 27 35 34 0 36 12 32 24 37 17 4 38 23 28 29 19 5 1
346 3248.921875 2 16 11 6 9 18 21 13 31 39 25 26 33 22 30 3 27 35 8 34 0 36 12 32 37 24 17 4 38 23 28 29 19 5 1 10 14 20 7 15
358 3245.396973 2 16 11 6 9 18 21 13 31 8 39 25 26 22 30 3 33 27 35 34 0 36 12 32 24 37 17 4 38 23 28 29 19 5 1 10 20 14 7 15
379 3241.635010 2 16 11 6 9 18 21 13 31 39 25 26 33 22 30 3 27 35 8 34 0 36 12 32 37 17 4 24 38 23 28 29 19 5 1 10 14 20 7 15
394 3240.820313 2 16 11 6 9 18 21 31 8 39 25 26 33 22 30 3 27 35 13 34 0 36 12 32 24 37 17 4 38 23 28 29 19 5 1 10 14 20 7 15
409 3233.606689 2 16 11 6 9 18 21 13 31 39 25 26 33 22 30 3 27 35 8 34 0 36 12 32 24 37 17 4 38 23 28 29 19 5 1 10 20 14 7 15
462 3233.606445 30 3 27 35 8 34 0 36 12 32 24 37 17 4 38 23 28 29 19 5 1 10 20 14 7 15 2 16 11 6 9 18 21 13 31 39 25 26 33 22
486 3230.664063 30 3 27 35 8 13 34 0 36 12 32 24 37 17 4 38 23 28 29 19 5 1 10 20 14 7 15 2 16 11 6 9 18 21 31 39 25 26 33 22
536 3230.663818 19 5 1 10 20 14 7 15 2 16 11 6 9 18 21 31 39 25 26 33 22 30 3 27 35 8 13 34 0 36 12 32 24 37 17 4 38 23 28 29
701 3230.663574 14 7 15 2 16 11 6 9 18 21 31 39 25 26 33 22 30 3 27 35 8 13 34 0 36 12 32 24 37 17 4 38 23 28 29 19 5 1 10 20
fitnesses
8989.02
8718.55
8374.17
8230.8
7941.64
7885.77
7397.43
7039.02
6622.21
6315.79
6315.79
6315.79
6222.45
6222.45
6051.81
5992.32
5992.27
5844.1
5844.1
5675.88
5675.88
5667.28
5442.93
5418.16
5313.93
5313.93
5134.05
5119.62
5061.28
4947.69
4909.68
4909.68
4909.68
4865.31
4813.9
4813.9
4813.9
4799.63
4564.05
4514.61
4514.61
4514.61
4514.61
4440.56
4440.56
4440.56
4440.56
4440.56
4440.56
4440.56
4440.56
4440.56
4386.73
4386.73
4386.73
4386.73
4297.33
4297.33
4297.33
4215.21
4215.21
4215.21
4215.21
4215.21
4215.21
4215.21
4214.4
4214.4
4214.4
4214.4
4081.59
4024.24
3957.56
3957.56
3957.56
3957.56
3957.56
3957.56
3899.33
3899.33
3899.33
3899.33
3899.33
3899.33
3899.33
3899.33
3899.33
3856.73
3832.25
3832.25
3832.25
3832.25
3832.25
3832.25
3832.25
3832.25
3832.25
3832.25
3832.25
3816.9
3816.9
3816.9
3810.57
3810.57
3766.37
3766.37
3766.37
3766.37
3766.37
3766.37
3766.37
3766.37
3766.37
3747.98
3690.3
3690.3
3690.3
3690.3
3690.3
3690.3
3690.3
3690.3
3690.3
3690.3
3690.3
3690.3
3690.3
3690.3
3690.3
3690.3
3690.3
3646.07
3646.07
3646.07
3646.07
3646.07
3646.07
3646.07
3646.07
3646.07
3646.07
3646.07
3646.07
3646.07
3646.07
3646.07
3646.07
3645.76
3590.8
3590.8
3590.8
3590.8
3590.8
3590.8
3590.8
3590.8
3590.8
3590.8
3590.8
3590.8
3590.8
3590.8
3590.8
3590.8
3590.8
3590.8
3590.8
3590.8
3580
3531.81
3531.81
3531.81
3531.81
3531.81
3531.81
3531.81
3531.81
3518.88
3518.88
3495.93
3495.93
3457.84
3457.84
3457.84
3457.84
3457.84
3457.84
3457.84
3457.84
3457.84
3457.84
3457.84
3457.84
3457.84
3457.84
3457.84
3457.84
3457.84
3457.84
3457.84
3457.84
3457.84
3457.84
3457.84
3457.84
3457.84
3457.84
3457.84
3457.84
3457.84
3457.84
3457.84
3404.92
3404.92
3404.92
3404.92
3350.48
3350.48
3350.48
3350.48
3350.48
3350.48
3350.48
3350.48
3350.48
3350.48
3350.48
3350.48
3350.48
3350.48
3350.48
3350.48
3350.48
3350.48
3350.48
3350.48
3350.48
3348.19
3348.19
3348.19
3348.19
3348.19
3348.19
3348.19
3345.09
3345.09
3345.09
3345.09
3345.09
3345.09
3345.09
3345.09
3345.09
3345.09
3328.2
3328.2
3328.2
3328.2
3328.2
3328.2
3328.2
3328.2
3328.2
3328.2
3328.2
3328.2
3328.2
3328.2
3328.2
3319.21
3319.21
3319.21
3319.21
3319.21
3319.21
3319.21
3319.21
3319.21
3319.21
3319.21
3319.21
3319.21
3319.21
3319.21
3319.21
3291.97
3291.97
3291.97
3291.97
3291.97
3291.97
3291.97
3291.97
3281.63
3281.63
3281.63
3281.63
3281.63
3281.63
3281.63
3281.63
3281.63
3281.63
3281.63
3281.63
3281.63
3281.63
3281.63
3281.63
3281.63
3281.63
3281.63
3281.63
3281.63
3281.63
3281.63
3281.63
3281.63
3281.63
3281.63
3281.63
3281.63
3281.63
3281.63
3281.63
3281.63
3281.63
3281.63
3281.63
3281.63
3281.63
3281.63
3281.63
3281.63
3281.63
3281.63
3281.63
3281.63
3281.63
3281.63
3281.63
3281.63
3281.63
3281.63
3278.89
3248.92
3248.92
3248.92
3248.92
3248.92
3248.92
3248.92
3248.92
3248.92
3248.92
3248.92
3248.92
3245.4
3245.4
3245.4
3245.4
3245.4
3245.4
3245.4
3245.4
3245.4
3245.4
3245.4
3245.4
3245.4
3245.4
3245.4
3245.4
3245.4
3245.4
3245.4
3245.4
3245.4
3241.64
3241.64
3241.64
3241.64
3241.64
3241.64
3241.64
3241.64
3241.64
3241.64
3241.64
3241.64
3241.64
3241.64
3241.64
3240.82
3240.82
3240.82
3240.82
3240.82
3240.82
3240.82
3240.82
3240.82
3240.82
3240.82
3240.82
3240.82
3240.82
3240.82
3233.61
3233.61
3233.61
3233.61
3233.61
3233.61
3233.61
3233.61
3233.61
3233.61
3233.61
3233.61
3233.61
3233.61
3233.61
3233.61
3233.61
3233.61
3233.61
3233.61
3233.61
3233.61
3233.61
3233.61
3233.61
3233.61
3233.61
3233.61
3233.61
3233.61
3233.61
3233.61
3233.61
3233.61
3233.61
3233.61
3233.61
3233.61
3233.61
3233.61
3233.61
3233.61
3233.61
3233.61
3233.61
3233.61
3233.61
3233.61
3233.61
3233.61
3233.61
3233.61
3233.61
3233.61
3233.61
3233.61
3233.61
3233.61
3233.61
3233.61
3233.61
3233.61
3233.61
3233.61
3233.61
3233.61
3233.61
3233.61
3233.61
3233.61
3233.61
3233.61
3233.61
3233.61
3233.61
3233.61
3233.61
3230.66
3230.66
3230.66
3230.66
3230.66
3230.66
3230.66
3230.66
3230.66
3230.66
3230.66
3230.66
3230.66
3230.66
3230.66
3230.66
3230.66
3230.66
3230.66
3230.66
3230.66
3230.66
3230.66
3230.66
3230.66
3230.66
3230.66
3230.66
3230.66
3230.66
3230.66
3230.66
3230.66
3230.66
3230.66
3230.66
3230.66
3230.66
3230.66
3230.66
3230.66
3230.66
3230.66
3230.66
3230.66
3230.66
3230.66
3230.66
3230.66
3230.66
3230.66
3230.66
3230.66
3230.66
3230.66
3230.66
3230.66
3230.66
3230.66
3230.66
3230.66
3230.66
3230.66
3230.66
3230.66
3230.66
3230.66
3230.66
3230.66
3230.66
3230.66
3230.66
3230.66
3230.66
3230.66
3230.66
3230.66
3230.66
3230.66
3230.66
3230.66
3230.66
3230.66
3230.66
3230.66
3230.66
3230.66
3230.66
3230.66
3230.66
3230.66
3230.66
3230.66
3230.66
3230.66
3230.66
3230.66
3230.66
3230.66
3230.66
3230.66
3230.66
3230.66
3230.66
3230.66
3230.66
3230.66
3230.66
3230.66
3230.66
3230.66
3230.66
3230.66
3230.66
3230.66
3230.66
3230.66
3230.66
3230.66
3230.66
3230.66
3230.66
3230.66
3230.66
3230.66
3230.66
3230.66
3230.66
3230.66
3230.66
3230.66
3230.66
3230.66
3230.66
3230.66
3230.66
3230.66
3230.66
3230.66
3230.66
3230.66
3230.66
3230.66
3230.66
3230.66
3230.66
3230.66
3230.66
3230.66
3230.66
3230.66
3230.66
3230.66
3230.66
3230.66
3230.66
3230.66
3230.66
3230.66
3230.66
3230.66
3230.66
3230.66
3230.66
3230.66
3230.66
3230.66
3230.66
3230.66
3230.66
3230.66
3230.66
3230.66
3230.66
3230.66
3230.66
3230.66
3230.66
3230.66
3230.66
3230.66
3230.66
3230.66
3230.66
3230.66
3230.66
3230.66
3230.66
3230.66
3230.66
3230.66
3230.66
3230.66
3230.66
3230.66
3230.66
3230.66
3230.66
3230.66
3230.66
3230.66
3230.66
3230.66
3230.66
3230.66
3230.66
3230.66
3230.66
3230.66
3230.66
3230.66
3230.66
3230.66
3230.66
3230.66
3230.66
3230.66
3230.66
3230.66
3230.66
3230.66
3230.66
3230.66
3230.66
3230.66
3230.66
3230.66
3230.66
3230.66
3230.66
3230.66
3230.66
3230.66
3230.66
3230.66
3230.66
3230.66
3230.66
3230.66
3230.66
3230.66
3230.66
3230.66
3230.66
3230.66
3230.66
3230.66
3230.66
3230.66
3230.66
3230.66
3230.66
3230.66
3230.66
3230.66
3230.66
3230.66
3230.66
3230.66
3230.66
3230.66
3230.66
3230.66
3230.66
3230.66
3230.66
3230.66
3230.66
3230.66
3230.66
3230.66
3230.66
3230.66
3230.66
3230.66
3230.66
3230.66
3230.66
3230.66
3230.66
3230.66
3230.66
3230.66
3230.66
3230.66
3230.66
3230.66
3230.66
3230.66
3230.66
3230.66
3230.66
3230.66
3230.66
3230.66
3230.66
3230.66
3230.66
3230.66
3230.66
3230.66
3230.66
3230.66
3230.66
3230.66
3230.66
3230.66
3230.66
3230.66
3230.66
3230.66
3230.66
3230.66
3230.66
3230.66
3230.66
3230.66
3230.66
3230.66
3230.66
3230.66
3230.66
3230.66
3230.66
3230.66
3230.66
3230.66
3230.66
3230.66
3230.66
3230.66
3230.66
3230.66
3230.66
3230.66
3230.66
3230.66
3230.66
3230.66
3230.66
3230.66
3230.66
3230.66
3230.66
3230.66
3230.66
3230.66
3230.66
3230.66
3230.66
3230.66
3230.66
3230.66
3230.66
3230.66
3230.66
3230.66
3230.66
3230.66
3230.66
3230.66
3230.66
3230.66
3230.66
3230.66
3230.66
3230.66
3230.66
3230.66
3230.66
3230.66
3230.66
3230.66
3230.66
3230.66
3230.66
3230.66
3230.66
3230.66
3230.66
3230.66
3230.66
3230.66
3230.66
3230.66
3230.66
3230.66
3230.66
3230.66
3230.66
3230.66
3230.66
3230.66
3230.66
3230.66
3230.66
3230.66
3230.66
3230.66
3230.66
3230.66
3230.66
3230.66
3230.66
3230.66
3230.66
3230.66
3230.66
3230.66
3230.66
3230.66
3230.66
3230.66
3230.66
3230.66
3230.66
3230.66
3230.66
3230.66
3230.66
3230.66
3230.66
3230.66
3230.66
3230.66
3230.66
3230.66
3230.66
3230.66
3230.66
3230.66
3230.66
3230.66
3230.66
3230.66
3230.66
3230.66
3230.66
3230.66
3230.66
3230.66
3230.66
3230.66
3230.66
3230.66
3230.66
3230.66
3230.66
3230.66
3230.66
3230.66
3230.66
3230.66
3230.66
3230.66
3230.66
3230.66
3230.66
3230.66
3230.66
3230.66
3230.66
3230.66
3230.66
3230.66
3230.66
3230.66
3230.66
3230.66
3230.66
3230.66
3230.66
3230.66
3230.66
3230.66
3230.66
3230.66
3230.66
3230.66
3230.66
3230.66
3230.66
3230.66
3230.66
3230.66
3230.66
3230.66
3230.66
3230.66
3230.66
3230.66
3230.66
3230.66
3230.66
3230.66
3230.66
3230.66
3230.66
3230.66
3230.66
3230.66
3230.66
3230.66
3230.66
3230.66
3230.66
3230.66
3230.66
3230.66
3230.66
3230.66
3230.66
3230.66
3230.66
3230.66