points
259 360
298 29
299 278
565 39
429 228
68 58
137 39
15 518
403 75
559 114
491 477
325 137
324 352
271 53
582 111
472 342
479 205
472 511
383 304
124 386
91 404
56 354
457 92
369 253
56 479
378 139
589 220
460 182
407 460
528 194
189 83
386 547
366 549
556 406
112 138
180 365
304 132
239 96
360 397
270 572
130 352
587 497
125 122
437 454
408 512
39 341
493 174
79 137
445 395
287 434
genomes
1 12396.356445 28 18 34 6 30 2 0 17 43 25 37 45 38 13 1 14 49 33 10 36 11 20 5 16 42 46 15 44 24 47 48 31 7 19 40 39 41 32 26 3 21 12 23 4 22 8 9 35 29 27
2 12014.157227 28 18 38 6 30 2 0 17 43 25 37 45 34 13 1 14 49 33 10 36 11 20 35 16 42 46 15 44 24 47 48 31 7 19 40 41 39 32 26 3 21 12 23 4 9 8 22 5 29 27
3 11459.489258 3 18 34 6 30 2 0 17 43 25 37 46 38 36 1 14 49 33 10 4 41 44 28 48 42 45 15 20 24 47 16 31 7 19 40 39 11 32 35 5 21 12 23 13 22 8 9 26 29 27
4 11348.467773 3 18 34 6 2 20 0 17 42 25 37 35 38 48 14 23 33 10 4 11 30 1 5 45 43 32 15 44 24 47 13 31 7 19 40 39 41 46 26 28 21 12 49 36 22 8 9 16 29 27
5 10929.874023 3 18 38 36 1 14 49 33 10 4 41 44 28 48 42 45 34 6 30 2 0 17 43 25 37 46 15 20 24 47 16 31 7 19 40 39 11 32 35 5 21 12 23 13 22 8 9 26 29 27
6 10457.970703 3 18 34 6 13 2 0 17 43 25 16 46 38 36 1 14 49 33 44 4 41 10 28 48 42 45 15 11 24 47 37 35 7 20 19 40 39 32 31 5 21 12 23 30 22 8 9 26 29 27
7 10323.335938 3 18 44 4 41 10 28 48 42 45 15 11 24 47 37 35 7 20 19 40 39 32 31 5 21 12 23 30 34 6 13 2 0 17 43 25 16 46 38 36 1 14 49 33 22 8 9 26 29 27
9 10183.613281 3 18 34 6 13 2 0 17 43 25 16 46 38 36 1 14 49 33 44 4 41 10 28 48 30 42 45 15 11 24 47 37 35 7 20 19 40 39 32 31 5 21 12 23 22 8 9 26 29 27
10 9710.864258 3 18 34 6 13 2 0 17 43 25 16 46 38 36 1 14 49 33 44 15 11 4 41 10 28 48 42 45 7 20 19 24 47 37 35 40 39 32 31 5 21 12 23 30 22 8 9 26 29 27
11 9284.169922 27 18 44 0 17 43 25 16 46 38 4 41 10 28 48 42 45 15 11 5 47 37 35 7 20 19 40 39 32 31 24 21 12 23 30 34 6 13 2 36 1 14 49 33 22 8 9 26 29 3
12 9056.753906 27 18 44 0 25 43 17 16 46 38 49 41 10 28 48 42 45 15 11 5 47 37 35 7 20 19 40 39 32 31 24 21 12 23 30 34 6 13 2 36 1 14 4 33 22 8 9 26 29 3
13 9021.916992 27 18 44 0 17 43 25 16 46 38 49 4 41 10 28 48 42 45 15 11 5 47 37 35 7 20 19 40 39 32 31 24 21 12 23 30 34 6 13 2 36 1 14 33 22 8 9 26 29 3
14 8956.913086 27 18 44 0 25 43 17 16 46 38 49 41 10 28 48 42 15 11 5 47 37 35 7 20 19 40 45 39 32 31 24 21 12 23 30 34 6 13 2 36 1 14 4 33 22 8 9 26 29 3
15 8847.376953 27 18 44 0 25 43 17 16 46 38 49 41 10 28 48 42 15 11 5 47 37 35 7 20 19 40 45 39 32 31 24 21 12 23 30 34 6 13 2 36 1 14 4 33 3 22 8 9 26 29
16 8539.939453 27 18 44 0 25 16 46 38 49 41 10 43 17 28 48 42 45 22 8 9 15 11 5 47 37 2 36 35 7 20 19 40 39 32 31 24 21 12 23 30 34 6 13 1 14 4 33 26 29 3
17 8447.224609 27 18 44 23 25 16 46 38 49 41 10 43 17 28 48 42 45 22 8 9 15 11 5 47 37 2 36 35 7 20 19 40 39 32 31 24 21 12 0 30 34 6 13 1 14 4 33 26 29 3
18 8297.629883 27 18 44 41 10 33 28 48 42 37 22 8 9 15 11 5 47 45 35 7 20 19 40 0 25 43 39 16 46 38 49 17 32 31 2 24 21 12 23 30 34 6 13 36 1 3 14 4 26 29
19 8267.473633 27 18 25 16 46 38 49 41 10 43 17 28 48 44 23 42 45 22 8 9 15 11 5 47 37 2 36 35 7 20 19 40 39 32 31 24 21 12 0 30 34 6 13 1 14 4 33 26 29 3
21 8146.022461 46 18 44 23 25 16 27 38 49 41 10 43 17 28 48 42 12 9 8 22 15 11 5 47 37 2 36 35 7 20 19 40 39 32 31 24 21 45 0 30 34 6 13 1 4 33 26 14 29 3
22 7944.617676 14 27 42 23 25 16 18 12 31 43 10 41 17 28 48 44 39 22 8 9 15 11 5 47 37 2 36 45 7 20 19 40 38 32 49 24 21 35 0 30 34 6 13 1 33 26 46 4 29 3
23 7796.300293 29 27 33 23 25 16 18 12 31 43 10 41 17 28 48 44 39 8 22 9 15 11 5 47 37 2 36 45 7 20 19 40 38 32 49 24 21 35 0 30 34 6 13 1 42 26 46 4 14 3
26 7681.432617 14 27 38 32 49 24 21 35 0 30 34 42 23 25 16 18 12 31 43 10 41 17 28 48 44 39 45 7 20 19 40 6 13 1 33 26 46 4 9 15 11 5 47 37 2 36 29 3 22 8
27 7671.009277 27 18 44 41 33 10 28 48 42 37 22 8 9 16 46 25 38 49 17 32 31 43 24 21 12 15 11 5 47 45 35 7 20 19 40 0 2 39 23 30 34 6 13 36 1 3 14 4 26 29
28 7613.052734 29 27 33 23 25 16 18 12 31 43 10 41 17 28 48 44 39 45 7 20 19 40 38 32 49 24 21 35 0 30 6 34 13 1 42 26 8 22 9 15 11 5 47 37 2 36 46 4 14 3
29 7465.287598 29 27 33 23 25 16 18 12 31 43 10 41 17 28 48 44 39 45 7 20 19 40 38 32 49 24 21 35 0 30 6 34 13 1 42 37 2 26 8 22 9 15 11 5 47 36 46 4 14 3
31 7371.144531 29 27 33 26 23 25 16 18 48 12 31 43 10 41 17 28 44 39 45 7 20 19 40 38 32 49 24 21 35 0 30 6 34 13 1 42 8 22 9 15 11 5 47 37 2 36 46 4 14 3
32 7329.018066 29 27 33 44 39 45 7 20 19 40 38 23 25 16 18 12 31 43 10 41 17 28 26 8 22 9 15 48 32 49 24 21 35 0 30 6 34 13 1 42 37 2 11 5 47 36 46 4 14 3
34 7283.079590 14 27 23 38 32 49 24 21 45 0 30 34 42 25 16 18 12 31 43 10 33 26 46 4 9 15 11 5 47 37 2 41 17 28 48 44 39 35 7 20 19 40 6 13 1 36 8 3 22 29
36 7179.506348 29 27 33 26 23 25 4 18 9 15 48 12 31 43 10 41 17 28 44 39 45 7 20 19 40 38 32 49 24 21 35 0 30 6 34 13 1 42 8 22 11 5 47 37 2 36 46 16 3 14
39 7010.835449 29 27 33 15 23 2 36 25 8 18 48 12 31 43 10 41 17 28 44 39 45 7 20 19 0 38 32 49 24 21 35 40 30 6 34 13 1 42 16 22 9 26 46 5 47 37 11 4 14 3
44 6842.713379 29 27 33 15 23 2 36 25 8 18 48 12 31 43 10 41 17 28 44 39 45 7 20 19 0 38 32 49 24 21 35 40 16 22 9 26 46 5 30 6 34 13 1 42 47 37 11 4 14 3
45 6785.730469 9 27 33 15 23 2 36 25 8 18 48 12 31 43 10 41 17 28 44 39 45 7 20 19 0 38 32 49 24 21 35 40 16 22 29 26 46 5 30 6 34 13 1 42 47 37 11 4 14 3
46 6750.532715 3 29 27 33 26 23 25 46 16 4 18 9 15 48 12 31 43 10 41 17 28 44 39 45 7 20 19 40 38 32 49 24 21 35 0 30 6 34 13 1 42 5 47 37 2 36 8 11 22 14
47 6728.511719 14 27 33 26 23 16 25 18 48 12 31 32 49 38 43 10 41 17 28 44 39 45 7 20 19 40 24 21 35 0 2 6 5 13 1 42 8 22 9 29 15 11 34 47 37 30 36 46 4 3
49 6590.708008 3 29 27 33 26 23 25 46 16 4 18 9 15 48 12 31 43 10 41 17 28 44 39 45 21 20 19 40 38 32 49 24 7 35 0 11 5 47 37 30 6 34 13 1 42 2 36 8 22 14
51 6523.805664 14 27 33 26 23 16 25 18 48 12 31 32 49 38 43 10 41 17 28 44 39 7 20 19 40 24 21 45 35 0 2 6 5 13 1 42 8 22 9 29 15 11 34 47 37 30 36 46 4 3
53 6258.322754 14 27 33 26 23 16 25 18 48 12 31 32 49 38 43 10 41 17 28 44 39 7 20 19 40 24 21 45 35 0 2 6 5 42 1 13 8 22 9 29 15 11 34 47 37 30 36 46 4 3
55 6206.492188 14 27 33 26 23 16 25 18 48 12 31 32 49 38 43 10 41 17 28 44 39 7 20 19 40 24 21 45 35 0 2 13 8 22 9 29 15 11 34 47 37 30 6 5 42 1 36 46 4 3
56 6042.997070 14 27 33 26 23 4 16 25 18 48 12 31 32 49 38 43 10 41 17 28 44 39 7 20 19 40 24 21 45 35 0 2 6 5 13 1 37 8 22 9 29 15 11 34 47 42 30 36 46 3
57 6033.452148 14 27 33 26 23 4 25 16 18 48 12 31 32 49 38 43 10 41 17 28 44 39 7 20 19 40 45 21 24 35 0 2 6 5 13 1 37 8 22 9 29 15 11 34 47 42 30 36 46 3
61 6014.966797 12 31 32 49 38 43 10 41 17 28 44 39 7 20 19 40 45 21 24 35 0 2 6 5 13 1 37 8 22 3 9 29 14 27 33 26 23 4 25 16 18 48 15 11 34 47 42 30 36 46
64 5909.480469 14 27 33 26 25 23 4 16 15 18 48 12 31 32 49 38 43 10 41 17 28 44 39 7 20 19 40 24 21 45 35 0 2 6 5 13 1 37 8 22 9 29 11 34 47 42 30 36 46 3
67 5864.454102 14 27 33 15 23 4 16 26 25 18 48 12 31 32 49 38 43 10 41 17 28 44 39 40 20 19 7 24 21 45 35 0 2 6 5 13 1 37 8 22 9 29 11 34 47 42 30 36 46 3
71 5712.240723 14 27 33 26 25 23 4 16 15 18 48 12 31 32 49 38 43 10 41 17 28 44 39 7 20 19 40 24 21 45 35 0 2 6 5 13 11 34 47 42 30 36 1 37 8 22 9 29 46 3
74 5671.998047 14 23 33 26 46 27 4 16 15 18 48 12 31 32 49 38 43 10 41 17 28 44 39 7 20 19 40 24 21 45 35 0 2 6 5 13 25 11 34 47 42 30 36 1 37 8 22 9 29 3
77 5636.540527 14 27 33 26 25 23 4 16 15 18 48 12 31 32 49 38 43 10 41 17 28 44 39 7 20 19 40 24 21 45 35 0 2 6 5 47 42 30 36 1 13 11 34 37 8 22 9 29 46 3
79 5490.580566 14 23 33 26 46 27 4 16 15 18 48 12 31 32 49 38 43 10 41 17 28 44 39 7 20 19 40 24 21 45 35 0 2 34 47 42 30 6 5 13 11 36 1 37 8 22 9 29 25 3
92 5453.079102 14 23 33 26 29 46 27 4 15 18 48 12 31 32 49 38 43 10 41 17 28 44 39 7 20 19 40 24 21 45 35 0 2 34 47 42 30 6 5 13 11 36 1 37 8 22 9 25 16 3
94 5447.184570 14 16 15 23 33 26 46 27 4 18 48 12 31 32 49 38 43 10 41 17 28 44 39 7 20 19 40 24 21 45 35 0 2 34 47 42 30 6 5 13 11 36 1 37 8 22 9 29 25 3
95 5391.733887 14 23 26 46 27 16 33 15 18 48 12 31 32 49 38 43 10 41 17 28 44 39 7 20 19 40 24 21 45 35 0 2 34 47 42 30 6 5 37 11 36 1 13 8 22 9 29 25 4 3
97 5339.309082 14 23 26 46 27 16 9 29 33 15 18 48 12 31 32 49 38 43 10 41 17 28 44 39 7 20 19 40 24 21 45 35 0 2 34 47 42 30 6 5 37 11 36 1 13 8 22 25 4 3
99 5298.675293 14 23 26 46 27 16 9 29 33 15 18 48 12 31 32 49 38 43 10 41 17 28 44 39 20 19 40 7 24 21 45 35 0 2 34 47 42 30 6 5 37 11 36 1 13 8 22 25 4 3
101 5223.050781 14 23 26 46 27 16 9 29 33 15 18 12 48 31 32 49 38 43 10 41 17 28 44 39 20 19 40 7 24 21 45 35 0 2 34 47 42 30 6 5 37 11 36 1 13 8 22 25 4 3
105 5111.470703 14 26 46 27 16 9 29 33 15 18 48 23 12 31 32 49 38 43 10 41 17 28 44 39 7 20 19 40 24 21 45 35 0 2 34 47 42 30 6 5 37 11 36 1 13 8 22 25 4 3
118 4997.208984 16 23 26 46 29 33 15 18 12 38 43 48 10 41 17 28 44 39 31 32 49 7 20 19 40 24 21 45 35 0 2 34 47 42 30 6 5 37 13 11 36 1 8 22 25 4 27 14 9 3
122 4921.970215 16 23 46 29 33 15 18 12 38 43 48 10 41 17 28 44 39 31 32 49 7 20 19 40 24 21 45 35 0 2 34 47 42 30 6 5 37 13 11 36 1 8 22 25 4 27 14 9 3 26
124 4921.322754 14 9 46 27 16 26 29 33 15 18 48 23 12 31 32 49 38 28 43 10 41 17 44 39 7 20 19 40 24 21 45 35 0 2 34 47 42 30 6 5 37 11 36 1 13 8 22 25 4 3
128 4863.670410 16 23 18 12 38 43 48 10 41 17 28 44 39 31 32 49 7 20 19 40 24 21 45 35 0 2 34 47 42 30 6 5 37 13 11 36 1 8 22 25 4 27 14 9 3 26 46 29 33 15
137 4768.687012 16 23 18 12 38 43 48 10 41 17 28 44 32 31 39 49 7 20 19 40 24 21 45 35 0 2 34 47 42 30 6 5 37 13 11 36 1 8 22 25 4 27 14 9 3 26 46 29 33 15
139 4739.241699 16 23 18 12 38 43 10 41 17 28 44 32 31 39 49 7 20 19 40 24 21 45 35 0 2 34 47 42 30 6 5 37 13 11 36 1 8 22 25 4 27 14 9 3 26 46 29 33 48 15
149 4696.698730 4 23 18 12 38 43 48 10 41 17 28 44 32 31 39 49 7 20 19 40 24 21 45 35 0 2 34 47 42 30 6 5 13 37 11 36 1 8 22 25 14 9 3 26 16 27 46 29 33 15
153 4659.471191 16 23 18 12 38 43 48 10 41 17 28 44 32 31 39 49 7 20 19 40 24 21 45 35 0 2 34 47 42 5 6 30 37 36 11 13 1 8 22 25 14 9 3 26 4 27 46 29 33 15
159 4630.025879 16 23 18 12 38 43 10 41 17 28 44 32 31 39 49 7 20 19 40 24 21 45 35 0 2 34 47 42 5 6 30 37 36 11 13 1 8 22 25 14 9 3 26 4 27 46 29 33 48 15
174 4608.991699 16 23 18 12 38 43 10 41 17 28 44 32 31 39 49 7 20 19 40 24 21 45 35 0 2 34 47 42 5 6 30 37 13 11 36 1 8 25 22 14 9 3 26 4 27 46 29 33 48 15
179 4604.015137 16 23 18 12 38 48 10 41 17 43 28 44 32 31 39 49 7 20 19 40 24 21 45 35 0 2 34 47 42 5 6 30 37 36 11 13 1 8 22 25 14 9 3 26 4 27 46 29 33 15
180 4470.019043 16 23 18 12 38 43 48 10 41 17 28 44 32 31 39 49 7 20 19 40 24 21 45 35 0 2 34 47 42 5 6 30 37 36 11 13 1 8 22 25 4 27 46 29 14 9 3 26 33 15
187 4435.438965 16 23 18 12 38 43 48 10 41 17 28 44 31 32 39 49 7 20 19 40 24 21 45 35 0 2 34 47 42 5 6 30 37 36 11 13 1 8 22 25 4 27 46 29 14 9 3 26 33 15
199 4423.913574 16 23 18 12 38 48 43 10 41 17 28 44 32 31 39 49 7 20 19 40 24 21 45 35 0 2 34 47 42 5 6 30 37 36 11 13 1 8 22 25 4 27 46 29 14 9 3 26 33 15
204 4423.342285 16 23 18 12 38 43 48 10 41 17 28 44 32 31 39 49 40 24 21 45 7 20 19 35 0 2 34 47 42 5 6 30 37 36 11 13 1 8 22 25 4 27 46 29 14 9 3 26 33 15
206 4420.955566 16 23 18 12 38 43 48 10 41 17 28 44 31 32 39 49 7 20 19 40 24 21 45 35 0 2 34 47 42 5 6 30 37 36 11 13 1 8 22 25 4 27 46 29 9 14 3 26 33 15
212 4379.511719 48 43 10 41 17 28 44 32 31 39 49 7 20 19 40 24 21 45 35 0 2 34 47 42 5 6 30 37 36 11 13 1 8 22 25 4 27 46 29 14 9 3 26 16 23 18 12 38 33 15
219 4294.380371 16 23 18 12 38 43 48 10 41 17 28 44 31 32 39 49 40 20 19 7 24 21 45 35 0 2 34 47 42 5 6 30 37 11 36 13 1 8 22 25 4 27 46 29 9 14 3 26 33 15
226 4294.318359 16 23 18 12 38 43 48 10 41 17 28 44 31 32 39 49 40 20 19 7 24 21 45 35 0 2 47 34 42 5 6 30 37 11 36 13 1 8 22 25 4 27 46 29 9 14 3 26 33 15
236 4229.667969 16 23 18 12 38 43 48 10 41 17 28 44 31 32 39 49 40 19 20 7 24 21 45 35 0 2 47 34 42 5 6 30 37 11 36 13 1 8 22 25 4 27 46 29 9 14 3 26 33 15
248 4229.290527 16 23 18 12 38 43 48 10 41 17 28 44 31 32 39 49 40 19 20 7 24 21 45 35 0 2 42 34 47 5 6 30 37 11 36 13 1 22 8 25 4 27 46 29 9 14 3 26 33 15
249 4219.468750 16 23 18 12 38 43 48 10 41 17 28 44 31 32 39 49 40 19 20 24 7 21 45 35 0 2 47 34 42 5 6 30 37 11 36 13 1 8 22 25 4 27 46 29 9 14 3 26 33 15
251 4212.743652 16 23 18 12 38 43 48 10 41 17 28 44 31 32 39 49 40 19 20 24 7 21 45 35 0 2 47 34 42 5 6 30 37 36 11 13 1 8 22 25 4 27 46 29 9 14 3 26 33 15
260 4168.781250 23 18 12 38 28 48 10 41 17 43 44 31 32 39 49 40 19 20 7 24 21 45 35 0 2 47 34 42 5 6 30 37 11 36 13 1 22 8 25 4 27 16 46 29 3 9 14 26 33 15
274 4158.582520 23 18 12 38 28 48 10 41 17 43 44 31 32 39 49 40 19 20 24 7 21 45 35 0 2 47 34 42 5 6 30 37 11 36 13 1 22 8 25 4 27 16 46 29 3 9 14 26 33 15
280 4150.468262 23 18 12 38 28 48 10 43 33 41 17 44 31 32 39 49 40 19 20 24 7 21 45 35 0 2 47 34 42 5 6 30 37 11 36 13 1 22 8 25 4 27 16 46 29 3 9 14 26 15
293 4123.642578 23 18 12 38 28 48 43 10 17 44 31 32 39 49 40 19 20 24 7 21 45 35 0 2 47 34 42 5 6 30 37 11 36 13 1 22 8 25 4 27 16 46 29 3 9 14 26 33 41 15
302 4090.087646 23 18 12 38 28 48 43 10 17 44 31 32 39 49 40 19 20 24 7 21 45 35 0 2 42 34 47 5 6 30 37 11 36 13 1 22 8 25 4 27 16 46 29 3 9 14 26 33 41 15
319 4044.898682 23 18 12 38 28 48 43 33 41 10 17 44 31 32 39 49 40 19 20 24 7 21 45 35 0 2 42 34 47 5 6 30 37 11 36 13 1 22 8 25 4 27 16 46 29 3 9 14 26 15
329 4025.075439 23 18 12 38 28 43 33 41 10 17 44 31 32 39 49 40 19 20 24 7 21 45 35 0 2 42 34 47 5 6 30 37 11 36 13 1 22 8 25 4 27 16 46 29 3 9 14 26 15 48
332 3983.427734 23 18 12 38 28 43 48 33 41 10 17 44 31 32 39 49 40 19 20 24 7 21 45 35 0 2 42 34 47 5 6 30 37 11 36 13 1 22 8 25 4 27 16 46 29 3 9 14 26 15
372 3979.601318 18 23 12 38 28 43 48 33 41 10 17 44 32 31 39 49 40 19 20 24 7 45 21 35 0 2 42 34 47 5 6 30 37 11 36 13 1 22 8 25 4 27 16 46 29 9 3 14 26 15
379 3976.763916 18 23 12 38 28 43 48 33 41 10 17 44 31 32 39 49 40 19 20 24 7 21 45 35 0 2 42 34 47 5 6 30 37 11 36 13 1 22 8 25 4 27 16 46 29 3 9 14 26 15
392 3937.130859 23 18 12 38 28 43 48 33 41 10 17 44 31 32 39 49 40 19 20 24 7 21 45 35 0 2 42 34 47 5 6 30 37 11 36 13 1 8 25 4 27 16 29 46 22 3 9 14 26 15
423 3936.810059 23 18 12 38 28 43 48 33 41 10 17 44 31 32 39 49 40 19 20 24 7 21 45 35 0 2 42 34 47 5 6 30 37 11 36 13 1 8 25 4 27 16 29 46 22 3 14 9 26 15
455 3920.447754 23 18 12 38 28 43 48 33 41 10 17 44 31 32 39 49 40 19 20 24 7 21 45 35 0 2 42 34 47 5 6 30 37 13 1 11 36 8 25 4 27 16 29 46 22 3 14 9 26 15
504 3906.775635 18 12 38 28 43 48 33 41 10 17 44 31 32 39 49 40 19 20 24 7 21 45 35 0 2 42 34 47 5 6 30 37 11 36 13 1 8 25 23 4 27 16 46 22 3 14 9 29 26 15
510 3898.833252 23 18 12 38 28 43 48 33 41 10 17 44 31 32 39 49 35 19 20 24 7 21 45 40 0 2 42 34 47 5 6 30 37 13 1 11 36 8 25 4 16 29 46 27 22 3 14 9 26 15
539 3892.169189 18 23 12 38 28 43 48 33 41 10 17 44 31 32 39 49 35 19 20 24 7 21 45 40 0 2 42 34 47 5 6 30 37 13 1 11 36 8 25 4 16 29 46 27 22 3 14 9 26 15
552 3877.595703 18 23 12 38 28 43 48 33 41 10 17 44 31 32 39 49 35 19 20 24 7 21 45 40 0 2 42 34 47 5 6 30 37 13 1 11 36 8 25 4 16 46 27 22 3 14 9 29 26 15
594 3871.702148 18 23 2 12 38 28 43 48 33 41 10 17 44 31 32 39 49 35 19 20 24 7 21 45 40 0 42 34 47 5 6 30 37 13 1 8 36 11 25 4 16 29 46 27 22 3 14 9 26 15
596 3862.360107 11 25 8 4 27 16 29 46 22 3 14 9 26 15 23 18 12 38 28 43 48 33 41 10 17 44 31 32 39 49 0 2 35 19 20 24 7 21 45 40 42 34 47 5 6 30 37 1 13 36
635 3857.128662 18 23 2 12 38 28 43 48 33 41 10 17 44 31 32 39 49 35 19 20 24 7 21 45 40 0 42 34 47 5 6 30 37 13 1 8 36 11 25 4 16 46 27 22 3 14 9 29 26 15
683 3855.208252 18 23 2 12 38 28 43 48 33 41 10 17 44 31 32 39 49 35 0 19 20 24 7 21 45 40 42 34 47 5 6 30 37 13 1 8 36 11 25 4 16 46 27 22 3 14 9 26 29 15
685 3851.230225 18 23 2 12 38 28 43 48 15 33 41 10 17 44 31 32 39 49 35 19 20 24 7 21 45 40 0 42 34 47 5 6 30 37 13 1 8 36 11 25 4 16 46 27 22 3 14 9 26 29
708 3815.820801 11 25 8 22 3 14 9 27 4 16 29 46 26 15 23 18 12 38 28 43 48 33 41 10 17 44 31 32 39 49 0 2 35 19 20 24 7 21 45 40 42 34 47 5 6 30 37 1 13 36
748 3797.705322 11 25 8 22 3 14 9 27 4 16 29 46 26 15 23 18 12 38 28 43 48 33 41 10 17 44 31 32 39 49 0 2 35 19 20 24 7 21 45 40 42 34 47 5 6 30 37 13 1 36
768 3797.666992 4 18 23 2 12 38 28 43 48 15 33 41 10 17 44 31 32 39 49 35 19 20 24 7 21 45 40 0 42 34 47 5 6 30 37 13 1 36 11 25 16 27 46 22 8 3 14 9 26 29
785 3746.736816 11 25 8 22 3 14 9 27 4 16 29 46 26 15 23 18 12 38 28 43 48 33 41 10 17 44 31 32 39 49 2 0 35 40 19 20 24 7 21 45 42 34 47 5 6 30 37 13 1 36
790 3725.572510 4 18 23 2 12 38 28 43 48 15 33 41 10 17 44 31 32 39 49 0 19 20 24 7 21 45 40 35 42 34 47 5 6 30 37 13 1 36 11 25 16 27 46 22 8 3 14 9 26 29
846 3713.837891 4 18 23 2 12 38 28 43 48 15 33 41 10 17 44 31 32 39 49 0 19 20 24 7 21 45 40 35 34 47 42 5 6 30 37 13 1 36 11 25 22 8 3 14 9 26 16 27 46 29
861 3703.602295 4 23 18 2 12 38 28 43 48 15 33 41 10 17 44 31 32 39 49 0 19 20 24 7 21 45 40 35 34 47 42 5 6 30 37 13 1 36 11 25 22 8 3 14 9 26 16 27 46 29
876 3665.825439 46 8 22 3 14 9 26 29 16 4 18 23 2 12 38 28 43 48 15 33 41 10 17 44 31 32 39 49 0 35 20 24 7 21 45 40 19 42 34 47 5 6 30 37 13 1 36 11 25 27
877 3635.047119 27 4 18 23 2 12 38 28 43 48 15 33 41 10 17 44 31 32 39 49 0 19 20 24 7 21 45 40 35 34 47 42 5 6 30 37 13 1 36 11 25 8 22 3 14 9 26 16 46 29
905 3623.329102 16 46 27 4 18 23 2 12 38 28 43 48 15 33 41 10 17 44 31 32 39 49 0 19 20 24 7 21 45 40 35 34 47 42 5 6 30 37 13 1 36 11 25 8 22 14 3 9 26 29
914 3597.580566 46 8 22 3 14 9 26 29 16 4 18 23 2 12 38 28 43 48 15 33 41 10 17 44 31 32 39 49 0 35 19 20 24 7 21 45 40 42 34 47 5 6 30 37 13 1 36 11 25 27
945 3565.473145 16 46 27 4 18 23 2 12 38 28 43 48 15 33 41 10 17 44 31 32 39 49 0 19 20 24 7 21 45 40 35 34 47 42 5 6 30 37 13 1 36 11 25 8 22 3 9 14 26 29
950 3516.258789 46 4 18 23 2 12 38 28 43 48 15 33 41 10 17 44 31 32 39 49 0 35 19 20 24 7 21 45 40 47 42 34 5 6 30 37 13 1 36 11 25 8 22 3 14 9 26 29 16 27
956 3477.649414 16 4 18 23 2 12 38 28 43 48 15 33 41 10 17 44 31 32 39 49 0 35 19 20 24 7 21 45 40 47 42 34 5 6 30 37 13 1 36 11 25 8 22 3 14 9 26 29 46 27
970 3474.657471 16 4 18 23 2 12 38 28 43 48 15 33 41 10 17 44 31 32 39 49 0 40 35 19 20 24 7 21 45 47 42 34 5 6 30 37 13 1 36 11 25 8 22 3 14 9 26 29 46 27
989 3466.681885 16 46 27 4 18 23 2 12 38 28 43 48 15 33 41 10 17 44 31 32 39 49 0 35 19 20 24 7 45 21 40 34 42 47 5 6 30 37 13 1 36 11 25 8 22 3 9 14 26 29
1037 3466.361084 16 46 27 4 18 23 2 12 38 28 43 48 15 33 41 10 17 44 31 32 39 49 0 35 19 20 24 7 45 21 40 34 42 47 5 6 30 37 13 1 36 11 25 8 22 3 14 9 26 29
1067 3451.836426 16 4 18 23 2 12 38 28 43 48 15 33 41 10 17 44 31 32 39 49 0 35 19 20 24 7 45 21 40 34 42 47 5 6 30 37 13 1 36 11 25 8 22 3 14 9 26 29 46 27
1086 3448.618652 16 4 18 23 2 12 38 28 43 48 15 33 41 10 17 44 31 32 39 49 0 35 19 20 24 7 45 21 40 47 34 42 5 6 30 37 13 1 36 11 25 8 22 3 14 9 26 29 46 27
1100 3412.574707 16 4 18 23 2 12 38 28 43 48 15 33 41 10 17 44 31 32 39 49 0 35 40 19 20 24 7 45 21 34 42 47 5 6 30 37 13 1 36 11 25 8 22 3 14 9 26 29 46 27
1221 3402.832275 27 4 23 18 2 12 38 28 43 48 15 33 41 10 17 44 31 32 39 49 0 35 40 19 20 24 7 45 21 34 42 47 5 6 30 37 13 1 36 11 25 8 22 3 14 9 26 29 46 16
1222 3402.339111 16 4 23 18 2 12 38 28 43 48 15 33 41 10 17 44 31 32 39 49 0 35 40 19 20 24 7 45 21 34 42 47 5 6 30 37 13 1 36 11 25 8 22 3 14 9 26 29 46 27
1234 3396.081055 27 4 18 23 2 12 38 28 43 48 15 33 41 10 17 44 31 32 39 49 0 35 40 19 20 24 7 21 45 34 42 47 5 6 30 37 13 1 36 11 25 8 22 3 14 9 26 29 46 16
1310 3385.352295 18 2 12 38 28 43 48 15 33 41 10 17 44 31 32 39 49 0 35 40 19 20 24 7 21 45 34 42 47 5 6 30 37 13 1 36 11 25 8 22 3 14 9 26 29 46 27 16 4 23
1669 3368.082031 18 2 12 38 28 43 48 15 33 41 10 17 44 31 32 39 49 0 35 40 19 20 24 7 21 45 47 34 42 5 6 30 37 13 1 36 11 25 8 22 3 14 9 26 29 46 27 16 4 23
fitnesses
12396.4
12014.2
11459.5
11348.5
10929.9
10458
10323.3
10323.3
10183.6
9710.86
9284.17
9056.75
9021.92
8956.91
8847.38
8539.94
8447.22
8297.63
8267.47
8267.47
8146.02
7944.62
7796.3
7796.3
7796.3
7681.43
7671.01
7613.05
7465.29
7465.29
7371.14
7329.02
7329.02
7283.08
7283.08
7179.51
7179.51
7179.51
7010.84
7010.84
7010.84
7010.84
7010.84
6842.71
6785.73
6750.53
6728.51
6728.51
6590.71
6590.71
6523.81
6523.81
6258.32
6258.32
6206.49
6043
6033.45
6033.45
6033.45
6033.45
6014.97
6014.97
6014.97
5909.48
5909.48
5909.48
5864.45
5864.45
5864.45
5864.45
5712.24
5712.24
5712.24
5672
5672
5672
5636.54
5636.54
5490.58
5490.58
5490.58
5490.58
5490.58
5490.58
5490.58
5490.58
5490.58
5490.58
5490.58
5490.58
5490.58
5453.08
5453.08
5447.18
5391.73
5391.73
5339.31
5339.31
5298.68
5298.68
5223.05
5223.05
5223.05
5223.05
5111.47
5111.47
5111.47
5111.47
5111.47
5111.47
5111.47
5111.47
5111.47
5111.47
5111.47
5111.47
5111.47
4997.21
4997.21
4997.21
4997.21
4921.97
4921.97
4921.32
4921.32
4921.32
4921.32
4863.67
4863.67
4863.67
4863.67
4863.67
4863.67
4863.67
4863.67
4863.67
4768.69
4768.69
4739.24
4739.24
4739.24
4739.24
4739.24
4739.24
4739.24
4739.24
4739.24
4739.24
4696.7
4696.7
4696.7
4696.7
4659.47
4659.47
4659.47
4659.47
4659.47
4659.47
4630.03
4630.03
4630.03
4630.03
4630.03
4630.03
4630.03
4630.03
4630.03
4630.03
4630.03
4630.03
4630.03
4630.03
4630.03
4608.99
4608.99
4608.99
4608.99
4608.99
4604.02
4470.02
4470.02
4470.02
4470.02
4470.02
4470.02
4470.02
4435.44
4435.44
4435.44
4435.44
4435.44
4435.44
4435.44
4435.44
4435.44
4435.44
4435.44
4435.44
4423.91
4423.91
4423.91
4423.91
4423.91
4423.34
4423.34
4420.96
4420.96
4420.96
4420.96
4420.96
4420.96
4379.51
4379.51
4379.51
4379.51
4379.51
4379.51
4379.51
4294.38
4294.38
4294.38
4294.38
4294.38
4294.38
4294.38
4294.32
4294.32
4294.32
4294.32
4294.32
4294.32
4294.32
4294.32
4294.32
4294.32
4229.67
4229.67
4229.67
4229.67
4229.67
4229.67
4229.67
4229.67
4229.67
4229.67
4229.67
4229.67
4229.29
4219.47
4219.47
4212.74
4212.74
4212.74
4212.74
4212.74
4212.74
4212.74
4212.74
4212.74
4168.78
4168.78
4168.78
4168.78
4168.78
4168.78
4168.78
4168.78
4168.78
4168.78
4168.78
4168.78
4168.78
4168.78
4158.58
4158.58
4158.58
4158.58
4158.58
4158.58
4150.47
4150.47
4150.47
4150.47
4150.47
4150.47
4150.47
4150.47
4150.47
4150.47
4150.47
4150.47
4150.47
4123.64
4123.64
4123.64
4123.64
4123.64
4123.64
4123.64
4123.64
4123.64
4090.09
4090.09
4090.09
4090.09
4090.09
4090.09
4090.09
4090.09
4090.09
4090.09
4090.09
4090.09
4090.09
4090.09
4090.09
4090.09
4090.09
4044.9
4044.9
4044.9
4044.9
4044.9
4044.9
4044.9
4044.9
4044.9
4044.9
4025.08
4025.08
4025.08
3983.43
3983.43
3983.43
3983.43
3983.43
3983.43
3983.43
3983.43
3983.43
3983.43
3983.43
3983.43
3983.43
3983.43
3983.43
3983.43
3983.43
3983.43
3983.43
3983.43
3983.43
3983.43
3983.43
3983.43
3983.43
3983.43
3983.43
3983.43
3983.43
3983.43
3983.43
3983.43
3983.43
3983.43
3983.43
3983.43
3983.43
3983.43
3983.43
3983.43
3979.6
3979.6
3979.6
3979.6
3979.6
3979.6
3979.6
3976.76
3976.76
3976.76
3976.76
3976.76
3976.76
3976.76
3976.76
3976.76
3976.76
3976.76
3976.76
3976.76
3937.13
3937.13
3937.13
3937.13
3937.13
3937.13
3937.13
3937.13
3937.13
3937.13
3937.13
3937.13
3937.13
3937.13
3937.13
3937.13
3937.13
3937.13
3937.13
3937.13
3937.13
3937.13
3937.13
3937.13
3937.13
3937.13
3937.13
3937.13
3937.13
3937.13
3937.13
3936.81
3936.81
3936.81
3936.81
3936.81
3936.81
3936.81
3936.81
3936.81
3936.81
3936.81
3936.81
3936.81
3936.81
3936.81
3936.81
3936.81
3936.81
3936.81
3936.81
3936.81
3936.81
3936.81
3936.81
3936.81
3936.81
3936.81
3936.81
3936.81
3936.81
3936.81
3936.81
3920.45
3920.45
3920.45
3920.45
3920.45
3920.45
3920.45
3920.45
3920.45
3920.45
3920.45
3920.45
3920.45
3920.45
3920.45
3920.45
3920.45
3920.45
3920.45
3920.45
3920.45
3920.45
3920.45
3920.45
3920.45
3920.45
3920.45
3920.45
3920.45
3920.45
3920.45
3920.45
3920.45
3920.45
3920.45
3920.45
3920.45
3920.45
3920.45
3920.45
3920.45
3920.45
3920.45
3920.45
3920.45
3920.45
3920.45
3920.45
3920.45
3906.78
3906.78
3906.78
3906.78
3906.78
3906.78
3898.83
3898.83
3898.83
3898.83
3898.83
3898.83
3898.83
3898.83
3898.83
3898.83
3898.83
3898.83
3898.83
3898.83
3898.83
3898.83
3898.83
3898.83
3898.83
3898.83
3898.83
3898.83
3898.83
3898.83
3898.83
3898.83
3898.83
3898.83
3898.83
3892.17
3892.17
3892.17
3892.17
3892.17
3892.17
3892.17
3892.17
3892.17
3892.17
3892.17
3892.17
3892.17
3877.6
3877.6
3877.6
3877.6
3877.6
3877.6
3877.6
3877.6
3877.6
3877.6
3877.6
3877.6
3877.6
3877.6
3877.6
3877.6
3877.6
3877.6
3877.6
3877.6
3877.6
3877.6
3877.6
3877.6
3877.6
3877.6
3877.6
3877.6
3877.6
3877.6
3877.6
3877.6
3877.6
3877.6
3877.6
3877.6
3877.6
3877.6
3877.6
3877.6
3877.6
3877.6
3871.7
3871.7
3862.36
3862.36
3862.36
3862.36
3862.36
3862.36
3862.36
3862.36
3862.36
3862.36
3862.36
3862.36
3862.36
3862.36
3862.36
3862.36
3862.36
3862.36
3862.36
3862.36
3862.36
3862.36
3862.36
3862.36
3862.36
3862.36
3862.36
3862.36
3862.36
3862.36
3862.36
3862.36
3862.36
3862.36
3862.36
3862.36
3862.36
3862.36
3862.36
3857.13
3857.13
3857.13
3857.13
3857.13
3857.13
3857.13
3857.13
3857.13
3857.13
3857.13
3857.13
3857.13
3857.13
3857.13
3857.13
3857.13
3857.13
3857.13
3857.13
3857.13
3857.13
3857.13
3857.13
3857.13
3857.13
3857.13
3857.13
3857.13
3857.13
3857.13
3857.13
3857.13
3857.13
3857.13
3857.13
3857.13
3857.13
3857.13
3857.13
3857.13
3857.13
3857.13
3857.13
3857.13
3857.13
3857.13
3857.13
3855.21
3855.21
3851.23
3851.23
3851.23
3851.23
3851.23
3851.23
3851.23
3851.23
3851.23
3851.23
3851.23
3851.23
3851.23
3851.23
3851.23
3851.23
3851.23
3851.23
3851.23
3851.23
3851.23
3851.23
3851.23
3815.82
3815.82
3815.82
3815.82
3815.82
3815.82
3815.82
3815.82
3815.82
3815.82
3815.82
3815.82
3815.82
3815.82
3815.82
3815.82
3815.82
3815.82
3815.82
3815.82
3815.82
3815.82
3815.82
3815.82
3815.82
3815.82
3815.82
3815.82
3815.82
3815.82
3815.82
3815.82
3815.82
3815.82
3815.82
3815.82
3815.82
3815.82
3815.82
3815.82
3797.71
3797.71
3797.71
3797.71
3797.71
3797.71
3797.71
3797.71
3797.71
3797.71
3797.71
3797.71
3797.71
3797.71
3797.71
3797.71
3797.71
3797.71
3797.71
3797.71
3797.67
3797.67
3797.67
3797.67
3797.67
3797.67
3797.67
3797.67
3797.67
3797.67
3797.67
3797.67
3797.67
3797.67
3797.67
3797.67
3797.67
3746.74
3746.74
3746.74
3746.74
3746.74
3725.57
3725.57
3725.57
3725.57
3725.57
3725.57
3725.57
3725.57
3725.57
3725.57
3725.57
3725.57
3725.57
3725.57
3725.57
3725.57
3725.57
3725.57
3725.57
3725.57
3725.57
3725.57
3725.57
3725.57
3725.57
3725.57
3725.57
3725.57
3725.57
3725.57
3725.57
3725.57
3725.57
3725.57
3725.57
3725.57
3725.57
3725.57
3725.57
3725.57
3725.57
3725.57
3725.57
3725.57
3725.57
3725.57
3725.57
3725.57
3725.57
3725.57
3725.57
3725.57
3725.57
3725.57
3725.57
3725.57
3713.84
3713.84
3713.84
3713.84
3713.84
3713.84
3713.84
3713.84
3713.84
3713.84
3713.84
3713.84
3713.84
3713.84
3713.84
3703.6
3703.6
3703.6
3703.6
3703.6
3703.6
3703.6
3703.6
3703.6
3703.6
3703.6
3703.6
3703.6
3703.6
3703.6
3665.83
3635.05
3635.05
3635.05
3635.05
3635.05
3635.05
3635.05
3635.05
3635.05
3635.05
3635.05
3635.05
3635.05
3635.05
3635.05
3635.05
3635.05
3635.05
3635.05
3635.05
3635.05
3635.05
3635.05
3635.05
3635.05
3635.05
3635.05
3635.05
3623.33
3623.33
3623.33
3623.33
3623.33
3623.33
3623.33
3623.33
3623.33
3597.58
3597.58
3597.58
3597.58
3597.58
3597.58
3597.58
3597.58
3597.58
3597.58
3597.58
3597.58
3597.58
3597.58
3597.58
3597.58
3597.58
3597.58
3597.58
3597.58
3597.58
3597.58
3597.58
3597.58
3597.58
3597.58
3597.58
3597.58
3597.58
3597.58
3597.58
3565.47
3565.47
3565.47
3565.47
3565.47
3516.26
3516.26
3516.26
3516.26
3516.26
3516.26
3477.65
3477.65
3477.65
3477.65
3477.65
3477.65
3477.65
3477.65
3477.65
3477.65
3477.65
3477.65
3477.65
3477.65
3474.66
3474.66
3474.66
3474.66
3474.66
3474.66
3474.66
3474.66
3474.66
3474.66
3474.66
3474.66
3474.66
3474.66
3474.66
3474.66
3474.66
3474.66
3474.66
3466.68
3466.68
3466.68
3466.68
3466.68
3466.68
3466.68
3466.68
3466.68
3466.68
3466.68
3466.68
3466.68
3466.68
3466.68
3466.68
3466.68
3466.68
3466.68
3466.68
3466.68
3466.68
3466.68
3466.68
3466.68
3466.68
3466.68
3466.68
3466.68
3466.68
3466.68
3466.68
3466.68
3466.68
3466.68
3466.68
3466.68
3466.68
3466.68
3466.68
3466.68
3466.68
3466.68
3466.68
3466.68
3466.68
3466.68
3466.68
3466.36
3466.36
3466.36
3466.36
3466.36
3466.36
3466.36
3466.36
3466.36
3466.36
3466.36
3466.36
3466.36
3466.36
3466.36
3466.36
3466.36
3466.36
3466.36
3466.36
3466.36
3466.36
3466.36
3466.36
3466.36
3466.36
3466.36
3466.36
3466.36
3466.36
3451.84
3451.84
3451.84
3451.84
3451.84
3451.84
3451.84
3451.84
3451.84
3451.84
3451.84
3451.84
3451.84
3451.84
3451.84
3451.84
3451.84
3451.84
3451.84
3448.62
3448.62
3448.62
3448.62
3448.62
3448.62
3448.62
3448.62
3448.62
3448.62
3448.62
3448.62
3448.62
3448.62
3412.57
3412.57
3412.57
3412.57
3412.57
3412.57
3412.57
3412.57
3412.57
3412.57
3412.57
3412.57
3412.57
3412.57
3412.57
3412.57
3412.57
3412.57
3412.57
3412.57
3412.57
3412.57
3412.57
3412.57
3412.57
3412.57
3412.57
3412.57
3412.57
3412.57
3412.57
3412.57
3412.57
3412.57
3412.57
3412.57
3412.57
3412.57
3412.57
3412.57
3412.57
3412.57
3412.57
3412.57
3412.57
3412.57
3412.57
3412.57
3412.57
3412.57
3412.57
3412.57
3412.57
3412.57
3412.57
3412.57
3412.57
3412.57
3412.57
3412.57
3412.57
3412.57
3412.57
3412.57
3412.57
3412.57
3412.57
3412.57
3412.57
3412.57
3412.57
3412.57
3412.57
3412.57
3412.57
3412.57
3412.57
3412.57
3412.57
3412.57
3412.57
3412.57
3412.57
3412.57
3412.57
3412.57
3412.57
3412.57
3412.57
3412.57
3412.57
3412.57
3412.57
3412.57
3412.57
3412.57
3412.57
3412.57
3412.57
3412.57
3412.57
3412.57
3412.57
3412.57
3412.57
3412.57
3412.57
3412.57
3412.57
3412.57
3412.57
3412.57
3412.57
3412.57
3412.57
3412.57
3412.57
3412.57
3412.57
3412.57
3412.57
3402.83
3402.34
3402.34
3402.34
3402.34
3402.34
3402.34
3402.34
3402.34
3402.34
3402.34
3402.34
3402.34
3396.08
3396.08
3396.08
3396.08
3396.08
3396.08
3396.08
3396.08
3396.08
3396.08
3396.08
3396.08
3396.08
3396.08
3396.08
3396.08
3396.08
3396.08
3396.08
3396.08
3396.08
3396.08
3396.08
3396.08
3396.08
3396.08
3396.08
3396.08
3396.08
3396.08
3396.08
3396.08
3396.08
3396.08
3396.08
3396.08
3396.08
3396.08
3396.08
3396.08
3396.08
3396.08
3396.08
3396.08
3396.08
3396.08
3396.08
3396.08
3396.08
3396.08
3396.08
3396.08
3396.08
3396.08
3396.08
3396.08
3396.08
3396.08
3396.08
3396.08
3396.08
3396.08
3396.08
3396.08
3396.08
3396.08
3396.08
3396.08
3396.08
3396.08
3396.08
3396.08
3396.08
3396.08
3396.08
3396.08
3385.35
3385.35
3385.35
3385.35
3385.35
3385.35
3385.35
3385.35
3385.35
3385.35
3385.35
3385.35
3385.35
3385.35
3385.35
3385.35
3385.35
3385.35
3385.35
3385.35
3385.35
3385.35
3385.35
3385.35
3385.35
3385.35
3385.35
3385.35
3385.35
3385.35
3385.35
3385.35
3385.35
3385.35
3385.35
3385.35
3385.35
3385.35
3385.35
3385.35
3385.35
3385.35
3385.35
3385.35
3385.35
3385.35
3385.35
3385.35
3385.35
3385.35
3385.35
3385.35
3385.35
3385.35
3385.35
3385.35
3385.35
3385.35
3385.35
3385.35
3385.35
3385.35
3385.35
3385.35
3385.35
3385.35
3385.35
3385.35
3385.35
3385.35
3385.35
3385.35
3385.35
3385.35
3385.35
3385.35
3385.35
3385.35
3385.35
3385.35
3385.35
3385.35
3385.35
3385.35
3385.35
3385.35
3385.35
3385.35
3385.35
3385.35
3385.35
3385.35
3385.35
3385.35
3385.35
3385.35
3385.35
3385.35
3385.35
3385.35
3385.35
3385.35
3385.35
3385.35
3385.35
3385.35
3385.35
3385.35
3385.35
3385.35
3385.35
3385.35
3385.35
3385.35
3385.35
3385.35
3385.35
3385.35
3385.35
3385.35
3385.35
3385.35
3385.35
3385.35
3385.35
3385.35
3385.35
3385.35
3385.35
3385.35
3385.35
3385.35
3385.35
3385.35
3385.35
3385.35
3385.35
3385.35
3385.35
3385.35
3385.35
3385.35
3385.35
3385.35
3385.35
3385.35
3385.35
3385.35
3385.35
3385.35
3385.35
3385.35
3385.35
3385.35
3385.35
3385.35
3385.35
3385.35
3385.35
3385.35
3385.35
3385.35
3385.35
3385.35
3385.35
3385.35
3385.35
3385.35
3385.35
3385.35
3385.35
3385.35
3385.35
3385.35
3385.35
3385.35
3385.35
3385.35
3385.35
3385.35
3385.35
3385.35
3385.35
3385.35
3385.35
3385.35
3385.35
3385.35
3385.35
3385.35
3385.35
3385.35
3385.35
3385.35
3385.35
3385.35
3385.35
3385.35
3385.35
3385.35
3385.35
3385.35
3385.35
3385.35
3385.35
3385.35
3385.35
3385.35
3385.35
3385.35
3385.35
3385.35
3385.35
3385.35
3385.35
3385.35
3385.35
3385.35
3385.35
3385.35
3385.35
3385.35
3385.35
3385.35
3385.35
3385.35
3385.35
3385.35
3385.35
3385.35
3385.35
3385.35
3385.35
3385.35
3385.35
3385.35
3385.35
3385.35
3385.35
3385.35
3385.35
3385.35
3385.35
3385.35
3385.35
3385.35
3385.35
3385.35
3385.35
3385.35
3385.35
3385.35
3385.35
3385.35
3385.35
3385.35
3385.35
3385.35
3385.35
3385.35
3385.35
3385.35
3385.35
3385.35
3385.35
3385.35
3385.35
3385.35
3385.35
3385.35
3385.35
3385.35
3385.35
3385.35
3385.35
3385.35
3385.35
3385.35
3385.35
3385.35
3385.35
3385.35
3385.35
3385.35
3385.35
3385.35
3385.35
3385.35
3385.35
3385.35
3385.35
3385.35
3385.35
3385.35
3385.35
3385.35
3385.35
3385.35
3385.35
3385.35
3385.35
3385.35
3385.35
3385.35
3385.35
3385.35
3385.35
3385.35
3385.35
3385.35
3385.35
3385.35
3385.35
3385.35
3385.35
3385.35
3385.35
3385.35
3385.35
3385.35
3385.35
3385.35
3385.35
3385.35
3385.35
3385.35
3385.35
3385.35
3385.35
3385.35
3385.35
3385.35
3385.35
3385.35
3385.35
3385.35
3385.35
3385.35
3385.35
3385.35
3385.35
3385.35
3385.35
3385.35
3385.35
3385.35
3385.35
3385.35
3385.35
3385.35
3385.35
3385.35
3385.35
3385.35
3385.35
3385.35
3385.35
3385.35
3385.35
3368.08
3368.08
3368.08
3368.08
3368.08
3368.08
3368.08
3368.08
3368.08
3368.08
3368.08
3368.08
3368.08
3368.08
3368.08
3368.08
3368.08
3368.08
3368.08
3368.08
3368.08
3368.08
3368.08
3368.08
3368.08
3368.08
3368.08
3368.08
3368.08
3368.08
3368.08
3368.08
3368.08
3368.08
3368.08
3368.08
3368.08
3368.08
3368.08
3368.08
3368.08
3368.08
3368.08
3368.08
3368.08
3368.08
3368.08
3368.08
3368.08
3368.08
3368.08
3368.08
3368.08
3368.08
3368.08
3368.08
3368.08
3368.08
3368.08
3368.08
3368.08
3368.08
3368.08
3368.08
3368.08
3368.08
3368.08
3368.08
3368.08
3368.08
3368.08
3368.08
3368.08
3368.08
3368.08
3368.08
3368.08
3368.08
3368.08
3368.08
3368.08
3368.08
3368.08
3368.08
3368.08
3368.08
3368.08
3368.08
3368.08
3368.08
3368.08
3368.08
3368.08
3368.08
3368.08
3368.08
3368.08
3368.08
3368.08
3368.08
3368.08
3368.08
3368.08
3368.08
3368.08
3368.08
3368.08
3368.08
3368.08
3368.08
3368.08
3368.08
3368.08
3368.08
3368.08
3368.08
3368.08
3368.08
3368.08
3368.08
3368.08
3368.08
3368.08
3368.08
3368.08
3368.08
3368.08
3368.08
3368.08
3368.08
3368.08
3368.08
3368.08
3368.08
3368.08
3368.08
3368.08
3368.08
3368.08
3368.08
3368.08
3368.08
3368.08
3368.08
3368.08
3368.08
3368.08
3368.08
3368.08
3368.08
3368.08
3368.08
3368.08
3368.08
3368.08
3368.08
3368.08
3368.08
3368.08
3368.08
3368.08
3368.08
3368.08
3368.08
3368.08
3368.08
3368.08
3368.08
3368.08
3368.08
3368.08
3368.08
3368.08
3368.08
3368.08
3368.08
3368.08
3368.08
3368.08
3368.08
3368.08
3368.08
3368.08
3368.08
3368.08
3368.08
3368.08
3368.08
3368.08
3368.08
3368.08
3368.08
3368.08
3368.08
3368.08
3368.08
3368.08
3368.08
3368.08
3368.08
3368.08
3368.08
3368.08
3368.08
3368.08
3368.08
3368.08
3368.08
3368.08
3368.08
3368.08
3368.08
3368.08
3368.08
3368.08
3368.08
3368.08
3368.08
3368.08
3368.08
3368.08
3368.08
3368.08
3368.08
3368.08
3368.08
3368.08
3368.08
3368.08
3368.08
3368.08
3368.08
3368.08
3368.08
3368.08
3368.08
3368.08
3368.08
3368.08
3368.08
3368.08
3368.08
3368.08
3368.08
3368.08
3368.08
3368.08
3368.08
3368.08
3368.08
3368.08
3368.08
3368.08
3368.08
3368.08
3368.08
3368.08
3368.08
3368.08
3368.08
3368.08
3368.08
3368.08
3368.08
3368.08
3368.08
3368.08
3368.08
3368.08
3368.08
3368.08
3368.08
3368.08
3368.08
3368.08
3368.08
3368.08
3368.08
3368.08
3368.08
3368.08
3368.08
3368.08
3368.08
3368.08
3368.08
3368.08
3368.08
3368.08
3368.08
3368.08
3368.08
3368.08
3368.08
3368.08
3368.08
3368.08
3368.08
3368.08
3368.08
3368.08
3368.08
3368.08
3368.08
3368.08
3368.08
3368.08
3368.08
3368.08
3368.08
3368.08
3368.08
3368.08
3368.08
3368.08
3368.08
3368.08
3368.08
3368.08
3368.08
3368.08
3368.08
3368.08
3368.08
3368.08
3368.08
3368.08
3368.08
3368.08
3368.08
3368.08
3368.08