points
259 360
298 29
299 278
565 39
429 228
68 58
137 39
15 518
403 75
559 114
491 477
325 137
324 352
271 53
582 111
472 342
479 205
472 511
383 304
124 386
91 404
56 354
457 92
369 253
56 479
378 139
589 220
460 182
407 460
528 194
189 83
386 547
366 549
556 406
112 138
180 365
304 132
239 96
360 397
270 572
130 352
587 497
125 122
437 454
408 512
39 341
493 174
79 137
445 395
287 434
genomes
1 12475.453125 30 1 11 21 35 49 31 39 17 15 47 45 26 9 14 22 36 44 29 33 42 38 7 43 24 40 4 27 28 19 2 18 23 12 25 32 20 16 8 3 48 41 46 13 0 37 6 34 5 10
2 11924.352539 45 1 11 21 7 49 31 39 17 15 47 30 26 9 14 22 36 44 29 33 42 25 35 28 24 40 4 27 43 19 2 18 23 12 38 32 20 16 8 3 48 41 46 13 0 37 6 34 5 10
3 11575.599609 44 48 15 28 30 47 1 23 2 39 6 40 19 0 35 9 45 13 36 4 29 43 27 26 11 46 22 18 16 25 37 3 42 34 32 31 49 24 7 38 14 41 33 8 5 12 17 10 21 20
4 11366.313477 30 1 11 16 8 3 48 41 46 13 0 21 35 49 31 39 17 15 47 45 26 9 14 22 28 44 29 33 42 38 7 32 43 24 40 4 27 36 19 10 18 23 12 25 20 37 6 34 5 2
5 10819.004883 44 48 15 28 30 47 1 22 2 9 3 34 32 31 49 24 7 38 14 41 33 39 6 5 19 0 35 42 45 13 36 25 29 43 27 26 11 46 23 18 16 4 37 8 40 12 17 10 21 20
7 9817.685547 45 1 11 21 7 49 31 39 17 38 32 20 30 8 3 15 10 16 26 9 46 22 36 29 33 37 25 43 28 24 0 4 27 35 19 2 18 23 12 44 48 41 14 13 40 42 6 34 5 47
8 9803.886719 45 1 11 21 7 49 31 39 17 38 32 20 30 8 3 15 10 16 26 9 46 22 36 29 33 37 25 43 28 24 0 4 27 35 19 2 18 23 12 44 41 48 14 13 40 42 6 34 5 47
9 9562.924805 30 1 11 16 46 3 48 41 10 18 23 8 13 0 21 35 49 31 39 17 15 47 42 45 12 25 26 9 14 22 28 44 29 33 38 7 32 43 24 40 4 27 36 19 20 37 6 34 5 2
10 9450.520508 30 1 11 21 35 49 31 32 17 0 47 33 48 43 9 14 22 36 46 29 10 42 38 39 7 24 40 19 2 18 23 4 27 28 15 12 13 25 16 26 8 3 41 44 20 37 6 34 5 45
11 8975.303711 30 1 11 16 46 3 48 41 10 18 12 25 26 9 14 22 28 44 29 33 23 8 13 0 21 35 49 31 39 17 15 4 27 36 47 42 45 38 7 32 43 24 40 19 20 37 6 34 5 2
13 8380.269531 30 1 11 16 46 3 48 41 10 18 12 25 26 9 14 22 28 44 29 33 23 8 13 0 21 35 49 31 39 17 15 4 27 36 47 42 45 38 43 32 7 24 40 19 20 37 6 34 5 2
16 8250.857422 30 1 11 16 46 3 48 41 10 18 12 8 13 25 26 9 14 22 28 44 29 33 23 0 21 35 49 31 39 17 15 4 27 36 47 42 45 38 43 32 7 24 40 19 20 37 6 34 5 2
17 8076.213379 30 1 11 16 46 3 48 41 10 18 23 0 21 35 49 31 39 17 15 4 27 36 47 42 45 38 12 8 13 25 26 9 14 22 28 44 29 33 43 32 7 24 40 19 20 37 6 34 5 2
19 8060.332520 30 47 42 45 38 12 8 13 25 1 11 16 46 3 48 41 10 18 23 0 21 35 49 31 39 17 15 4 27 36 26 9 14 22 28 44 29 33 43 32 7 24 40 19 20 37 6 34 5 2
21 7457.188477 30 1 11 16 46 3 48 41 10 18 23 0 21 35 49 31 39 17 15 4 27 36 47 42 45 38 12 8 13 25 26 9 14 22 29 33 43 28 44 32 7 24 40 19 20 37 6 34 5 2
24 7430.053711 30 1 16 46 3 48 41 10 18 23 0 21 35 49 31 39 17 15 4 27 11 36 47 42 45 38 12 8 13 25 26 9 14 22 29 33 43 28 44 32 7 24 40 19 20 37 6 34 5 2
26 7321.468750 30 25 16 46 3 48 41 10 18 23 0 21 35 49 31 39 17 15 4 27 11 36 42 47 45 38 12 8 13 1 26 9 14 22 29 33 43 28 44 32 7 24 40 19 20 37 6 34 5 2
27 7295.414551 30 25 16 46 3 48 41 10 18 23 0 21 35 49 31 39 17 15 4 27 8 13 1 26 9 14 22 29 33 43 28 44 32 7 24 40 19 20 11 36 42 47 45 38 12 37 6 34 5 2
28 7278.515625 30 36 11 16 46 3 48 41 10 18 23 0 21 35 49 31 39 17 15 4 27 25 47 42 45 38 12 8 13 1 26 9 14 22 29 33 43 28 44 32 7 24 40 19 20 37 6 5 34 2
29 7153.614258 35 49 31 39 17 15 4 27 8 13 1 26 9 14 22 29 33 43 28 44 32 7 24 40 19 20 11 36 42 47 45 38 12 37 6 34 5 30 25 16 46 3 48 41 10 18 23 0 21 2
30 7030.288574 30 25 16 46 3 48 41 10 18 23 0 21 35 49 31 39 17 15 4 27 8 13 1 26 9 14 22 29 33 43 28 44 32 7 24 40 19 20 11 36 42 47 45 38 2 12 37 6 34 5
34 6872.638184 35 49 31 39 17 15 4 27 8 13 1 26 14 9 22 29 33 28 43 44 32 7 24 40 21 20 19 11 36 42 47 45 38 12 37 6 34 5 30 25 16 46 3 48 41 10 18 23 0 2
35 6827.273438 30 25 16 46 3 48 41 10 18 23 0 36 42 47 45 21 35 49 31 39 17 15 4 27 8 13 1 26 9 14 22 11 29 33 43 28 44 32 7 24 40 19 20 2 38 12 37 6 34 5
36 6705.796875 35 49 31 39 17 15 4 27 8 13 1 26 14 9 22 29 48 28 43 44 32 7 24 40 21 20 19 11 36 42 47 45 38 12 37 6 34 5 30 25 16 46 3 33 41 10 18 23 0 2
39 6704.810547 35 49 31 39 17 15 4 27 8 13 1 26 14 9 22 29 33 28 43 44 32 7 24 40 21 20 19 11 36 42 47 45 0 38 12 37 6 34 5 30 25 16 46 3 48 41 10 18 23 2
40 6641.221680 30 25 16 46 3 48 41 10 18 23 0 36 42 47 45 21 35 49 31 39 17 15 4 27 8 13 1 11 26 9 14 22 29 33 43 28 44 32 7 24 40 19 20 2 38 12 37 6 34 5
42 6592.370117 35 49 31 39 43 44 17 15 4 27 9 8 13 1 3 14 22 29 48 28 32 7 24 40 21 20 19 11 36 42 47 45 38 12 37 6 34 5 30 25 16 46 26 33 41 10 18 23 0 2
43 6510.880371 35 49 31 39 43 44 17 15 4 27 9 22 29 48 28 32 7 24 40 21 20 19 37 6 34 5 30 25 16 46 26 8 13 1 3 14 33 41 10 18 23 11 36 42 47 45 38 12 0 2
52 6456.949219 35 49 31 39 43 44 17 15 4 27 9 22 29 48 28 32 7 24 40 21 20 19 5 6 34 37 30 25 16 46 26 8 13 1 3 14 33 41 10 18 23 11 36 42 47 45 38 12 0 2
57 6451.466797 35 49 31 39 43 44 17 15 4 27 9 22 29 48 28 32 7 24 40 21 20 19 37 30 34 5 6 25 16 46 26 8 13 1 3 14 33 41 10 18 23 11 36 42 47 45 12 38 0 2
58 6440.795410 35 49 31 39 43 44 17 15 4 27 9 22 29 37 6 34 5 30 25 16 46 26 8 13 1 3 14 33 41 10 18 23 11 36 42 47 45 0 38 48 28 32 7 24 40 21 20 19 12 2
59 6381.325684 35 49 31 39 43 44 17 15 4 27 9 22 29 37 6 5 34 30 25 16 46 26 8 13 1 3 14 33 41 10 18 23 11 36 42 47 45 0 38 48 28 32 7 24 40 21 20 19 12 2
60 6286.804199 35 37 6 34 5 30 25 16 46 26 8 13 1 3 14 9 22 29 33 41 10 17 23 11 36 42 47 45 12 38 0 2 49 31 39 43 28 18 15 4 27 48 44 32 7 24 40 21 20 19
62 6286.803711 23 11 36 42 47 45 12 38 0 2 49 31 39 43 28 18 15 4 27 48 44 32 7 24 40 21 20 19 35 37 6 34 5 30 25 16 46 26 8 13 1 3 14 9 22 29 33 41 10 17
64 6194.951660 35 37 6 34 5 30 25 16 46 26 8 13 1 3 14 33 41 10 17 23 11 36 42 47 45 12 38 0 2 49 43 28 18 15 4 27 9 22 29 48 44 32 31 39 7 24 40 21 20 19
66 6192.251465 35 49 31 39 43 44 17 15 4 27 9 22 29 37 6 5 34 30 25 16 46 26 3 14 33 41 10 18 23 11 36 8 13 1 42 47 45 0 38 48 28 32 7 24 40 21 20 19 12 2
68 6186.262207 35 37 6 34 5 30 33 41 10 17 23 11 36 42 47 45 12 38 0 2 49 43 28 18 15 4 27 25 16 46 26 8 13 1 3 14 9 22 29 48 44 32 31 39 7 24 40 21 20 19
69 6143.096680 35 49 31 39 43 44 17 15 4 27 9 22 29 3 14 33 41 10 18 23 11 36 37 42 6 5 34 30 25 16 46 26 8 13 1 47 45 0 38 48 28 32 7 24 40 21 20 19 12 2
71 6137.750488 35 37 6 34 5 30 25 36 42 47 45 12 38 0 2 49 43 28 18 15 4 27 16 46 26 8 13 1 3 14 33 41 10 17 23 11 22 9 29 48 44 32 31 39 7 24 40 21 20 19
74 6083.315430 35 49 31 39 43 44 17 15 4 27 9 22 29 3 14 33 41 10 18 23 11 36 37 42 6 5 34 30 25 16 46 26 8 13 1 47 45 0 12 38 48 28 32 7 24 40 21 20 19 2
77 6016.926758 35 49 31 39 43 44 17 15 4 27 9 22 29 3 14 33 41 10 18 23 11 36 37 42 6 5 34 30 25 16 46 26 8 13 1 47 45 21 0 12 38 48 28 32 7 24 40 20 19 2
81 5857.445313 35 49 31 39 43 44 17 15 33 41 10 18 23 11 36 37 42 6 5 34 30 25 16 46 4 27 9 22 29 3 14 26 8 13 1 47 45 0 12 38 48 28 32 7 24 40 21 20 19 2
85 5839.744141 35 49 31 39 44 17 15 4 27 9 26 22 29 3 14 33 41 10 18 23 11 36 37 42 6 5 34 30 25 16 46 8 13 1 47 45 21 20 19 0 12 38 48 28 43 32 7 24 40 2
89 5833.462891 43 44 17 15 4 27 22 9 29 3 14 33 41 10 18 23 11 36 42 6 5 34 30 37 25 16 46 26 8 13 1 47 45 21 0 12 38 48 28 32 39 7 24 40 20 19 35 49 31 2
91 5764.303223 35 49 31 39 43 44 0 12 38 48 28 32 17 15 33 41 10 18 23 11 36 37 42 6 5 34 30 25 16 4 27 9 8 22 29 3 14 26 46 13 1 47 45 7 24 40 21 20 19 2
93 5718.138184 35 49 39 31 44 17 15 4 29 9 26 22 27 3 14 33 41 10 18 23 11 36 37 42 6 5 34 30 25 16 46 8 13 1 47 45 21 20 19 0 12 38 48 28 43 32 7 24 40 2
96 5594.192383 35 49 31 39 43 44 17 15 4 46 3 9 22 29 26 14 33 41 10 18 23 11 36 37 42 34 30 25 16 27 8 1 13 6 5 47 40 0 12 38 48 28 32 7 24 45 21 20 19 2
103 5484.082520 2 49 31 39 43 44 17 15 4 46 3 22 9 29 26 14 33 41 10 18 23 11 36 37 42 34 30 25 16 27 8 1 13 6 5 47 40 0 12 38 48 28 32 7 24 45 21 20 19 35
106 5439.381348 2 49 32 31 39 43 44 17 15 4 46 3 22 9 29 26 14 33 41 10 18 23 11 36 37 42 34 30 25 16 27 8 1 13 6 5 47 40 0 12 38 48 28 7 24 45 21 20 19 35
107 5430.146973 2 49 31 32 39 43 44 17 15 4 46 3 22 9 29 26 14 33 41 10 18 23 11 36 37 42 34 30 25 16 27 8 1 13 6 5 47 40 0 12 38 48 28 7 24 45 21 20 19 35
114 5305.518555 2 0 49 31 32 39 43 44 17 15 4 46 29 22 9 3 26 14 33 41 10 18 23 11 36 37 42 34 13 25 16 27 8 1 30 6 5 47 40 7 24 45 21 20 19 35 12 38 48 28
119 5190.233887 2 0 49 31 32 39 43 44 17 15 4 46 29 14 22 9 3 26 33 41 10 18 23 11 36 37 42 34 13 25 16 27 8 1 30 6 5 47 40 7 24 45 21 20 19 35 12 38 48 28
131 5163.613770 2 0 49 31 32 39 43 44 17 15 4 46 29 14 22 9 3 26 33 41 10 18 23 11 36 37 42 34 13 25 16 27 8 1 30 6 5 47 40 20 24 7 21 45 19 35 12 38 48 28
132 5132.654785 2 0 49 31 32 39 43 44 17 15 4 46 29 14 22 9 3 26 33 41 10 18 23 11 36 37 42 34 13 25 16 27 8 1 30 6 5 47 40 20 24 7 21 45 19 35 12 38 28 48
134 5063.411133 31 32 39 43 44 17 15 4 46 29 22 9 14 3 26 33 41 10 18 23 36 37 42 34 13 11 25 16 27 8 1 30 6 5 47 2 0 49 40 7 24 45 21 20 19 35 12 38 48 28
138 5006.948730 31 32 39 43 44 17 15 4 46 29 22 3 14 9 26 33 41 10 18 23 36 37 42 34 13 11 25 16 27 8 1 30 6 5 47 2 0 49 40 7 24 45 21 20 19 35 12 38 48 28
145 4971.145508 2 0 49 31 32 39 43 44 17 15 33 41 10 18 23 11 36 37 42 34 13 25 4 46 29 9 14 22 3 26 16 27 8 1 30 6 5 47 40 20 24 7 21 45 19 35 12 38 28 48
146 4871.447754 2 0 49 31 32 39 44 43 17 15 4 46 29 14 22 9 3 26 33 41 10 18 23 11 36 37 13 25 16 27 8 1 30 6 5 42 34 47 45 20 24 7 21 40 19 35 12 38 28 48
158 4821.213867 2 0 49 31 32 39 44 43 17 15 4 46 29 3 22 9 14 26 33 41 10 18 23 11 36 37 13 25 16 27 8 1 30 6 5 34 42 47 45 20 24 7 21 40 19 35 12 38 28 48
166 4710.256836 2 0 49 31 32 39 44 43 17 15 4 46 29 14 9 3 26 33 41 10 18 23 11 36 37 13 25 16 27 22 8 1 30 6 5 34 42 47 45 20 24 7 21 40 19 35 12 38 28 48
190 4559.998535 15 4 46 29 14 9 3 26 33 41 10 18 23 11 36 37 13 25 16 27 22 8 1 30 6 5 34 42 47 45 20 24 7 21 40 19 35 12 2 0 38 49 31 39 32 44 43 28 17 48
199 4470.923828 15 4 46 29 14 9 3 26 33 41 10 18 23 11 36 37 13 25 16 27 22 8 1 30 6 5 34 42 47 45 20 24 7 21 40 19 35 12 2 0 49 38 39 31 32 44 28 43 17 48
202 4441.624023 15 4 46 29 14 9 3 26 33 41 10 18 23 11 36 37 13 25 16 27 22 8 1 30 6 5 34 42 47 45 20 24 7 21 40 19 35 12 2 0 38 49 39 31 32 44 28 43 17 48
225 4391.203125 15 4 46 29 14 9 3 26 33 41 10 18 23 11 36 25 16 27 22 8 37 13 1 30 6 5 34 42 47 45 20 24 7 21 40 19 35 12 2 0 38 49 39 31 32 44 28 43 17 48
226 4385.395020 15 4 46 29 14 9 3 26 33 41 10 18 23 11 36 25 16 27 22 8 37 13 1 30 6 5 34 42 47 45 20 24 7 21 40 19 35 12 2 0 38 49 39 31 32 17 44 28 43 48
227 4346.073730 15 4 46 29 14 9 3 26 33 41 10 18 23 11 36 25 16 27 22 8 37 13 1 30 6 5 34 42 47 45 20 24 7 21 40 19 35 12 2 0 38 49 39 32 31 17 44 28 43 48
236 4324.076172 15 4 29 14 9 3 26 33 41 10 18 23 11 36 25 16 46 27 22 8 37 13 1 30 6 5 42 34 47 45 21 24 7 20 40 19 35 12 2 0 38 49 39 31 32 17 44 28 43 48
244 4280.660645 15 4 46 29 14 9 3 26 33 41 17 10 18 23 11 36 25 16 27 22 8 1 13 37 30 6 5 34 42 47 45 24 7 20 21 40 19 35 12 2 0 38 49 39 31 32 28 44 43 48
245 4258.251465 15 4 29 14 9 3 26 33 41 10 18 23 11 36 25 16 46 27 22 8 13 1 37 30 6 5 42 34 47 45 21 24 7 20 40 19 35 12 2 0 38 49 39 31 32 17 44 28 43 48
247 4215.646973 15 4 46 29 14 9 3 26 33 41 17 10 18 23 11 36 25 16 27 22 8 1 13 37 30 6 5 34 42 47 45 24 7 20 21 40 19 35 0 12 2 38 49 39 31 32 28 44 43 48
254 4187.208984 15 4 46 29 14 9 3 26 33 41 17 10 18 23 11 36 25 16 27 22 8 1 13 37 30 6 5 34 42 47 45 24 7 20 21 40 19 35 0 12 2 38 49 39 32 31 28 44 43 48
266 4104.798828 15 4 46 29 14 9 3 26 33 41 17 10 18 23 11 36 25 16 27 22 8 1 13 37 30 6 5 34 42 47 45 24 7 20 21 40 19 35 0 12 2 38 49 39 32 31 44 28 43 48
302 4083.163086 15 4 46 29 14 3 9 26 33 41 17 10 18 23 11 36 25 16 27 22 8 1 13 37 30 6 5 34 42 47 45 24 7 20 21 40 19 35 0 12 2 38 49 39 32 31 44 28 43 48
305 4059.970215 15 4 46 29 14 9 3 26 33 41 17 10 18 2 23 11 36 25 16 27 22 8 1 13 37 30 6 5 34 42 47 45 24 7 20 21 40 19 35 0 12 38 49 39 32 31 44 28 43 48
306 4052.217773 15 4 16 46 29 14 9 3 26 33 41 17 10 18 23 11 36 25 27 22 8 1 13 37 30 6 5 34 42 47 45 24 7 20 21 40 19 35 0 12 2 38 49 39 32 31 44 28 43 48
313 4044.835449 15 4 46 29 14 3 9 26 33 41 17 10 18 23 11 36 25 16 27 22 8 1 13 37 30 6 5 34 42 47 21 45 24 7 20 40 19 35 0 12 2 38 49 39 32 31 44 28 43 48
321 4036.831543 15 4 46 29 14 3 9 26 33 41 17 10 18 23 36 11 25 16 27 22 8 1 13 37 30 6 5 34 42 47 21 45 24 7 20 40 19 35 0 12 2 38 49 39 32 31 44 28 43 48
325 4011.354980 15 4 29 14 9 3 26 33 41 17 10 18 2 23 11 36 25 16 27 46 22 8 1 13 37 30 6 5 34 42 47 45 21 24 7 20 40 19 35 0 12 38 49 39 32 31 44 28 43 48
327 3995.622559 15 4 29 14 9 3 26 33 41 17 10 18 23 2 11 36 25 16 27 46 22 8 1 13 37 30 6 5 34 42 47 45 21 24 7 20 40 19 35 0 12 38 49 39 32 31 44 28 43 48
328 3943.984375 15 33 41 17 10 18 23 11 36 25 4 29 14 9 3 26 16 27 46 22 8 1 13 37 30 6 5 34 42 47 45 21 24 7 20 40 19 35 0 12 2 38 49 39 32 31 44 28 43 48
357 3922.348633 15 33 41 17 10 18 23 11 36 25 4 29 14 3 9 26 16 27 46 22 8 1 13 37 30 6 5 34 42 47 45 21 24 7 20 40 19 35 0 12 2 38 49 39 32 31 44 28 43 48
365 3903.307617 15 33 41 17 10 18 23 11 36 25 4 29 26 16 27 46 14 3 9 22 8 1 13 37 30 6 5 34 42 47 45 21 24 7 20 40 19 35 0 12 2 38 49 39 32 31 44 28 43 48
367 3891.527832 15 33 41 17 10 18 23 11 36 25 4 27 16 46 29 14 9 26 3 22 8 1 13 37 30 6 5 42 34 47 45 21 19 24 7 20 40 35 0 12 2 38 49 39 32 31 44 28 43 48
373 3870.212891 15 33 41 17 10 18 23 11 36 25 4 27 16 46 29 14 26 9 3 22 8 1 13 37 30 6 5 42 34 47 45 21 19 24 7 20 40 35 0 12 2 38 49 39 32 31 44 28 43 48
375 3827.350098 15 33 41 17 10 18 23 11 36 25 4 27 16 46 29 14 26 9 3 22 8 1 13 37 30 6 5 42 34 47 45 21 20 24 7 19 40 35 0 12 2 38 49 39 32 31 44 28 43 48
399 3750.534180 15 33 41 17 10 18 23 11 36 25 4 27 16 46 29 26 14 9 3 22 8 1 13 37 30 6 5 42 34 47 45 21 19 24 7 20 40 35 0 12 2 38 49 39 32 31 44 28 43 48
421 3749.867432 15 33 41 17 10 43 18 23 11 36 25 4 27 16 46 29 26 14 9 3 22 8 1 13 37 30 6 5 42 34 47 45 21 19 24 7 20 40 35 0 12 2 38 49 39 32 31 44 28 48
423 3699.517334 15 33 41 17 10 43 18 23 11 36 25 4 27 16 46 29 26 14 9 3 22 8 1 13 37 30 6 5 42 34 47 45 21 19 24 7 20 40 35 0 2 12 38 49 39 32 31 44 28 48
471 3698.695801 15 33 41 17 10 48 18 23 11 36 25 4 27 16 46 29 26 14 9 3 22 8 1 13 37 30 6 5 42 34 47 45 21 19 24 7 20 40 35 0 2 12 38 49 39 32 31 44 28 43
474 3675.802979 48 33 41 17 10 15 18 23 11 36 25 4 27 16 46 29 26 14 9 3 22 8 1 13 37 30 6 5 42 34 47 45 21 19 24 7 20 40 35 0 2 12 38 49 39 32 31 44 28 43
509 3675.309814 48 33 41 17 10 15 18 23 11 36 25 4 16 27 46 29 26 14 9 3 22 8 1 13 37 30 6 5 42 34 47 45 21 19 24 7 20 40 35 0 2 12 38 49 39 32 31 44 28 43
511 3667.306396 48 33 41 17 10 15 18 23 36 11 25 4 16 27 46 29 26 14 9 3 22 8 1 13 37 30 6 5 42 34 47 45 21 19 24 7 20 40 35 0 2 12 38 49 39 32 31 44 28 43
513 3665.098877 48 33 41 17 10 15 18 23 2 11 36 25 4 16 27 46 29 26 14 9 3 22 8 1 13 37 30 6 5 42 34 47 45 21 19 24 7 20 40 35 0 12 38 49 39 32 31 44 28 43
514 3661.779541 48 33 41 17 10 15 18 23 36 11 25 4 16 27 46 29 26 14 9 3 22 8 1 13 37 30 6 5 42 34 47 45 21 7 24 19 20 40 35 0 2 12 38 49 39 32 31 44 28 43
519 3598.861084 48 33 41 17 10 15 18 23 36 11 25 4 16 27 46 29 26 14 9 3 22 8 1 13 37 30 6 5 42 34 47 45 21 7 24 20 19 40 35 0 2 12 38 49 39 32 31 44 28 43
545 3573.265625 33 41 17 10 48 15 18 23 36 11 25 4 16 27 46 29 26 14 9 3 22 8 1 13 37 30 6 5 42 34 47 45 21 7 24 20 19 40 35 0 2 12 38 49 39 32 31 44 28 43
623 3559.765137 33 41 10 17 48 15 18 23 2 36 11 25 4 16 27 46 29 26 14 9 3 22 8 1 13 37 30 6 5 42 34 47 45 21 7 24 20 19 40 35 0 12 38 49 39 32 31 44 28 43
645 3521.166260 10 17 41 33 48 15 18 23 36 11 25 4 16 27 46 29 26 14 9 3 22 8 1 13 37 30 6 5 42 34 47 45 21 7 24 20 19 40 35 0 2 12 38 49 39 32 31 44 28 43
761 3518.972412 17 10 41 33 15 48 18 23 36 11 25 4 16 27 46 29 26 14 9 3 22 8 1 13 37 30 6 5 42 34 47 45 21 7 24 20 19 40 35 0 2 12 38 49 39 32 31 44 28 43
798 3514.630615 17 10 41 33 48 15 18 23 2 36 11 25 4 16 27 46 29 26 14 9 3 22 8 1 13 37 30 6 5 42 34 47 45 21 20 7 24 19 40 35 0 12 38 49 39 32 31 44 28 43
827 3514.309814 17 10 41 33 48 15 18 23 2 36 11 25 4 16 27 46 29 26 9 14 3 22 8 1 13 37 30 6 5 42 34 47 45 21 20 7 24 19 40 35 0 12 38 49 39 32 31 44 28 43
843 3511.251953 8 1 13 37 30 6 5 42 34 47 45 21 7 24 20 19 40 35 0 2 12 38 49 39 32 31 44 28 43 17 10 41 33 48 15 18 23 36 11 25 4 16 27 46 29 26 9 14 3 22
853 3511.251709 5 42 34 47 45 21 7 24 20 19 40 35 0 2 12 38 49 39 32 31 44 28 43 17 10 41 33 48 15 18 23 36 11 25 4 16 27 46 29 26 9 14 3 22 8 1 13 37 30 6
924 3490.459961 8 1 13 37 30 6 5 42 34 47 45 21 7 24 20 19 40 35 0 12 38 49 39 32 31 44 28 43 17 10 41 33 48 15 18 23 2 36 11 25 4 16 27 46 29 26 9 14 3 22
1159 3490.459229 7 24 20 19 40 35 0 12 38 49 39 32 31 44 28 43 17 10 41 33 48 15 18 23 2 36 11 25 4 16 27 46 29 26 9 14 3 22 8 1 13 37 30 6 5 42 34 47 45 21
fitnesses
12475.5
11924.4
11575.6
11366.3
10819
10819
9817.69
9803.89
9562.92
9450.52
8975.3
8975.3
8380.27
8380.27
8380.27
8250.86
8076.21
8076.21
8060.33
8060.33
7457.19
7457.19
7457.19
7430.05
7430.05
7321.47
7295.41
7278.52
7153.61
7030.29
7030.29
7030.29
7030.29
6872.64
6827.27
6705.8
6705.8
6705.8
6704.81
6641.22
6641.22
6592.37
6510.88
6510.88
6510.88
6510.88
6510.88
6510.88
6510.88
6510.88
6510.88
6456.95
6456.95
6456.95
6456.95
6456.95
6451.47
6440.8
6381.33
6286.8
6286.8
6286.8
6286.8
6194.95
6194.95
6192.25
6192.25
6186.26
6143.1
6143.1
6137.75
6137.75
6137.75
6083.32
6083.32
6083.32
6016.93
6016.93
6016.93
6016.93
5857.45
5857.45
5857.45
5857.45
5839.74
5839.74
5839.74
5839.74
5833.46
5833.46
5764.3
5764.3
5718.14
5718.14
5718.14
5594.19
5594.19
5594.19
5594.19
5594.19
5594.19
5594.19
5484.08
5484.08
5484.08
5439.38
5430.15
5430.15
5430.15
5430.15
5430.15
5430.15
5430.15
5305.52
5305.52
5305.52
5305.52
5305.52
5190.23
5190.23
5190.23
5190.23
5190.23
5190.23
5190.23
5190.23
5190.23
5190.23
5190.23
5190.23
5163.61
5132.65
5132.65
5063.41
5063.41
5063.41
5063.41
5006.95
5006.95
5006.95
5006.95
5006.95
5006.95
5006.95
4971.15
4871.45
4871.45
4871.45
4871.45
4871.45
4871.45
4871.45
4871.45
4871.45
4871.45
4871.45
4871.45
4821.21
4821.21
4821.21
4821.21
4821.21
4821.21
4821.21
4821.21
4710.26
4710.26
4710.26
4710.26
4710.26
4710.26
4710.26
4710.26
4710.26
4710.26
4710.26
4710.26
4710.26
4710.26
4710.26
4710.26
4710.26
4710.26
4710.26
4710.26
4710.26
4710.26
4710.26
4710.26
4560
4560
4560
4560
4560
4560
4560
4560
4560
4470.92
4470.92
4470.92
4441.62
4441.62
4441.62
4441.62
4441.62
4441.62
4441.62
4441.62
4441.62
4441.62
4441.62
4441.62
4441.62
4441.62
4441.62
4441.62
4441.62
4441.62
4441.62
4441.62
4441.62
4441.62
4441.62
4391.2
4385.4
4346.07
4346.07
4346.07
4346.07
4346.07
4346.07
4346.07
4346.07
4346.07
4324.08
4324.08
4324.08
4324.08
4324.08
4324.08
4324.08
4324.08
4280.66
4258.25
4258.25
4215.65
4215.65
4215.65
4215.65
4215.65
4215.65
4215.65
4187.21
4187.21
4187.21
4187.21
4187.21
4187.21
4187.21
4187.21
4187.21
4187.21
4187.21
4187.21
4104.8
4104.8
4104.8
4104.8
4104.8
4104.8
4104.8
4104.8
4104.8
4104.8
4104.8
4104.8
4104.8
4104.8
4104.8
4104.8
4104.8
4104.8
4104.8
4104.8
4104.8
4104.8
4104.8
4104.8
4104.8
4104.8
4104.8
4104.8
4104.8
4104.8
4104.8
4104.8
4104.8
4104.8
4104.8
4104.8
4083.16
4083.16
4083.16
4059.97
4052.22
4052.22
4052.22
4052.22
4052.22
4052.22
4052.22
4044.84
4044.84
4044.84
4044.84
4044.84
4044.84
4044.84
4044.84
4036.83
4036.83
4036.83
4036.83
4011.35
4011.35
3995.62
3943.98
3943.98
3943.98
3943.98
3943.98
3943.98
3943.98
3943.98
3943.98
3943.98
3943.98
3943.98
3943.98
3943.98
3943.98
3943.98
3943.98
3943.98
3943.98
3943.98
3943.98
3943.98
3943.98
3943.98
3943.98
3943.98
3943.98
3943.98
3943.98
3922.35
3922.35
3922.35
3922.35
3922.35
3922.35
3922.35
3922.35
3903.31
3903.31
3891.53
3891.53
3891.53
3891.53
3891.53
3891.53
3870.21
3870.21
3827.35
3827.35
3827.35
3827.35
3827.35
3827.35
3827.35
3827.35
3827.35
3827.35
3827.35
3827.35
3827.35
3827.35
3827.35
3827.35
3827.35
3827.35
3827.35
3827.35
3827.35
3827.35
3827.35
3827.35
3750.53
3750.53
3750.53
3750.53
3750.53
3750.53
3750.53
3750.53
3750.53
3750.53
3750.53
3750.53
3750.53
3750.53
3750.53
3750.53
3750.53
3750.53
3750.53
3750.53
3750.53
3750.53
3749.87
3749.87
3699.52
3699.52
3699.52
3699.52
3699.52
3699.52
3699.52
3699.52
3699.52
3699.52
3699.52
3699.52
3699.52
3699.52
3699.52
3699.52
3699.52
3699.52
3699.52
3699.52
3699.52
3699.52
3699.52
3699.52
3699.52
3699.52
3699.52
3699.52
3699.52
3699.52
3699.52
3699.52
3699.52
3699.52
3699.52
3699.52
3699.52
3699.52
3699.52
3699.52
3699.52
3699.52
3699.52
3699.52
3699.52
3699.52
3699.52
3699.52
3698.7
3698.7
3698.7
3675.8
3675.8
3675.8
3675.8
3675.8
3675.8
3675.8
3675.8
3675.8
3675.8
3675.8
3675.8
3675.8
3675.8
3675.8
3675.8
3675.8
3675.8
3675.8
3675.8
3675.8
3675.8
3675.8
3675.8
3675.8
3675.8
3675.8
3675.8
3675.8
3675.8
3675.8
3675.8
3675.8
3675.8
3675.8
3675.31
3675.31
3667.31
3667.31
3665.1
3661.78
3661.78
3661.78
3661.78
3661.78
3598.86
3598.86
3598.86
3598.86
3598.86
3598.86
3598.86
3598.86
3598.86
3598.86
3598.86
3598.86
3598.86
3598.86
3598.86
3598.86
3598.86
3598.86
3598.86
3598.86
3598.86
3598.86
3598.86
3598.86
3598.86
3598.86
3573.27
3573.27
3573.27
3573.27
3573.27
3573.27
3573.27
3573.27
3573.27
3573.27
3573.27
3573.27
3573.27
3573.27
3573.27
3573.27
3573.27
3573.27
3573.27
3573.27
3573.27
3573.27
3573.27
3573.27
3573.27
3573.27
3573.27
3573.27
3573.27
3573.27
3573.27
3573.27
3573.27
3573.27
3573.27
3573.27
3573.27
3573.27
3573.27
3573.27
3573.27
3573.27
3573.27
3573.27
3573.27
3573.27
3573.27
3573.27
3573.27
3573.27
3573.27
3573.27
3573.27
3573.27
3573.27
3573.27
3573.27
3573.27
3573.27
3573.27
3573.27
3573.27
3573.27
3573.27
3573.27
3573.27
3573.27
3573.27
3573.27
3573.27
3573.27
3573.27
3573.27
3573.27
3573.27
3573.27
3573.27
3573.27
3559.77
3559.77
3559.77
3559.77
3559.77
3559.77
3559.77
3559.77
3559.77
3559.77
3559.77
3559.77
3559.77
3559.77
3559.77
3559.77
3559.77
3559.77
3559.77
3559.77
3559.77
3559.77
3521.17
3521.17
3521.17
3521.17
3521.17
3521.17
3521.17
3521.17
3521.17
3521.17
3521.17
3521.17
3521.17
3521.17
3521.17
3521.17
3521.17
3521.17
3521.17
3521.17
3521.17
3521.17
3521.17
3521.17
3521.17
3521.17
3521.17
3521.17
3521.17
3521.17
3521.17
3521.17
3521.17
3521.17
3521.17
3521.17
3521.17
3521.17
3521.17
3521.17
3521.17
3521.17
3521.17
3521.17
3521.17
3521.17
3521.17
3521.17
3521.17
3521.17
3521.17
3521.17
3521.17
3521.17
3521.17
3521.17
3521.17
3521.17
3521.17
3521.17
3521.17
3521.17
3521.17
3521.17
3521.17
3521.17
3521.17
3521.17
3521.17
3521.17
3521.17
3521.17
3521.17
3521.17
3521.17
3521.17
3521.17
3521.17
3521.17
3521.17
3521.17
3521.17
3521.17
3521.17
3521.17
3521.17
3521.17
3521.17
3521.17
3521.17
3521.17
3521.17
3521.17
3521.17
3521.17
3521.17
3521.17
3521.17
3521.17
3521.17
3521.17
3521.17
3521.17
3521.17
3521.17
3521.17
3521.17
3521.17
3521.17
3521.17
3521.17
3521.17
3521.17
3521.17
3521.17
3521.17
3518.97
3518.97
3518.97
3518.97
3518.97
3518.97
3518.97
3518.97
3518.97
3518.97
3518.97
3518.97
3518.97
3518.97
3518.97
3518.97
3518.97
3518.97
3518.97
3518.97
3518.97
3518.97
3518.97
3518.97
3518.97
3518.97
3518.97
3518.97
3518.97
3518.97
3518.97
3518.97
3518.97
3518.97
3518.97
3518.97
3518.97
3514.63
3514.63
3514.63
3514.63
3514.63
3514.63
3514.63
3514.63
3514.63
3514.63
3514.63
3514.63
3514.63
3514.63
3514.63
3514.63
3514.63
3514.63
3514.63
3514.63
3514.63
3514.63
3514.63
3514.63
3514.63
3514.63
3514.63
3514.63
3514.63
3514.31
3514.31
3514.31
3514.31
3514.31
3514.31
3514.31
3514.31
3514.31
3514.31
3514.31
3514.31
3514.31
3514.31
3514.31
3514.31
3511.25
3511.25
3511.25
3511.25
3511.25
3511.25
3511.25
3511.25
3511.25
3511.25
3511.25
3511.25
3511.25
3511.25
3511.25
3511.25
3511.25
3511.25
3511.25
3511.25
3511.25
3511.25
3511.25
3511.25
3511.25
3511.25
3511.25
3511.25
3511.25
3511.25
3511.25
3511.25
3511.25
3511.25
3511.25
3511.25
3511.25
3511.25
3511.25
3511.25
3511.25
3511.25
3511.25
3511.25
3511.25
3511.25
3511.25
3511.25
3511.25
3511.25
3511.25
3511.25
3511.25
3511.25
3511.25
3511.25
3511.25
3511.25
3511.25
3511.25
3511.25
3511.25
3511.25
3511.25
3511.25
3511.25
3511.25
3511.25
3511.25
3511.25
3511.25
3511.25
3511.25
3511.25
3511.25
3511.25
3511.25
3511.25
3511.25
3511.25
3511.25
3490.46
3490.46
3490.46
3490.46
3490.46
3490.46
3490.46
3490.46
3490.46
3490.46
3490.46
3490.46
3490.46
3490.46
3490.46
3490.46
3490.46
3490.46
3490.46
3490.46
3490.46
3490.46
3490.46
3490.46
3490.46
3490.46
3490.46
3490.46
3490.46
3490.46
3490.46
3490.46
3490.46
3490.46
3490.46
3490.46
3490.46
3490.46
3490.46
3490.46
3490.46
3490.46
3490.46
3490.46
3490.46
3490.46
3490.46
3490.46
3490.46
3490.46
3490.46
3490.46
3490.46
3490.46
3490.46
3490.46
3490.46
3490.46
3490.46
3490.46
3490.46
3490.46
3490.46
3490.46
3490.46
3490.46
3490.46
3490.46
3490.46
3490.46
3490.46
3490.46
3490.46
3490.46
3490.46
3490.46
3490.46
3490.46
3490.46
3490.46
3490.46
3490.46
3490.46
3490.46
3490.46
3490.46
3490.46
3490.46
3490.46
3490.46
3490.46
3490.46
3490.46
3490.46
3490.46
3490.46
3490.46
3490.46
3490.46
3490.46
3490.46
3490.46
3490.46
3490.46
3490.46
3490.46
3490.46
3490.46
3490.46
3490.46
3490.46
3490.46
3490.46
3490.46
3490.46
3490.46
3490.46
3490.46
3490.46
3490.46
3490.46
3490.46
3490.46
3490.46
3490.46
3490.46
3490.46
3490.46
3490.46
3490.46
3490.46
3490.46
3490.46
3490.46
3490.46
3490.46
3490.46
3490.46
3490.46
3490.46
3490.46
3490.46
3490.46
3490.46
3490.46
3490.46
3490.46
3490.46
3490.46
3490.46
3490.46
3490.46
3490.46
3490.46
3490.46
3490.46
3490.46
3490.46
3490.46
3490.46
3490.46
3490.46
3490.46
3490.46
3490.46
3490.46
3490.46
3490.46
3490.46
3490.46
3490.46
3490.46
3490.46
3490.46
3490.46
3490.46
3490.46
3490.46
3490.46
3490.46
3490.46
3490.46
3490.46
3490.46
3490.46
3490.46
3490.46
3490.46
3490.46
3490.46
3490.46
3490.46
3490.46
3490.46
3490.46
3490.46
3490.46
3490.46
3490.46
3490.46
3490.46
3490.46
3490.46
3490.46
3490.46
3490.46
3490.46
3490.46
3490.46
3490.46
3490.46
3490.46
3490.46
3490.46
3490.46
3490.46
3490.46
3490.46
3490.46
3490.46
3490.46
3490.46
3490.46
3490.46
3490.46
3490.46
3490.46
3490.46
3490.46
3490.46
3490.46
3490.46
3490.46
3490.46
3490.46
3490.46
3490.46
3490.46
3490.46
3490.46
3490.46
3490.46
3490.46
3490.46
3490.46
3490.46
3490.46
3490.46
3490.46
3490.46
3490.46
3490.46
3490.46
3490.46
3490.46
3490.46
3490.46
3490.46
3490.46
3490.46
3490.46
3490.46
3490.46
3490.46
3490.46
3490.46
3490.46
3490.46
3490.46
3490.46
3490.46
3490.46
3490.46
3490.46
3490.46
3490.46
3490.46
3490.46
3490.46
3490.46
3490.46
3490.46
3490.46
3490.46
3490.46
3490.46
3490.46
3490.46
3490.46
3490.46
3490.46
3490.46
3490.46
3490.46
3490.46
3490.46
3490.46
3490.46
3490.46
3490.46
3490.46
3490.46
3490.46
3490.46
3490.46
3490.46
3490.46
3490.46
3490.46
3490.46
3490.46
3490.46
3490.46
3490.46
3490.46
3490.46
3490.46
3490.46
3490.46
3490.46
3490.46
3490.46
3490.46
3490.46
3490.46
3490.46
3490.46
3490.46
3490.46
3490.46
3490.46
3490.46
3490.46
3490.46
3490.46
3490.46
3490.46
3490.46
3490.46
3490.46
3490.46
3490.46
3490.46
3490.46
3490.46
3490.46
3490.46
3490.46
3490.46
3490.46
3490.46
3490.46
3490.46
3490.46
3490.46
3490.46
3490.46
3490.46
3490.46
3490.46
3490.46
3490.46
3490.46
3490.46
3490.46
3490.46
3490.46
3490.46
3490.46
3490.46
3490.46
3490.46
3490.46
3490.46
3490.46
3490.46
3490.46
3490.46
3490.46
3490.46
3490.46
3490.46
3490.46
3490.46
3490.46
3490.46
3490.46
3490.46
3490.46
3490.46
3490.46
3490.46
3490.46
3490.46
3490.46
3490.46
3490.46
3490.46
3490.46
3490.46
3490.46
3490.46
3490.46
3490.46
3490.46
3490.46
3490.46
3490.46
3490.46
3490.46
3490.46
3490.46
3490.46
3490.46
3490.46
3490.46
3490.46
3490.46
3490.46
3490.46
3490.46
3490.46
3490.46
3490.46
3490.46
3490.46
3490.46
3490.46
3490.46
3490.46
3490.46
3490.46
3490.46
3490.46
3490.46
3490.46
3490.46
3490.46
3490.46
3490.46
3490.46
3490.46
3490.46
3490.46
3490.46
3490.46
3490.46
3490.46
3490.46
3490.46
3490.46
3490.46
3490.46
3490.46
3490.46
3490.46
3490.46
3490.46
3490.46
3490.46
3490.46
3490.46
3490.46
3490.46
3490.46
3490.46
3490.46
3490.46
3490.46
3490.46
3490.46
3490.46
3490.46
3490.46
3490.46
3490.46
3490.46
3490.46
3490.46
3490.46
3490.46
3490.46
3490.46
3490.46
3490.46
3490.46
3490.46
3490.46
3490.46
3490.46
3490.46
3490.46
3490.46
3490.46
3490.46
3490.46
3490.46
3490.46
3490.46
3490.46
3490.46
3490.46
3490.46
3490.46
3490.46
3490.46
3490.46
3490.46
3490.46
3490.46
3490.46
3490.46
3490.46
3490.46
3490.46
3490.46
3490.46
3490.46
3490.46
3490.46
3490.46
3490.46
3490.46
3490.46
3490.46
3490.46
3490.46
3490.46
3490.46
3490.46
3490.46
3490.46
3490.46
3490.46
3490.46
3490.46
3490.46
3490.46
3490.46
3490.46
3490.46
3490.46
3490.46
3490.46
3490.46
3490.46
3490.46
3490.46
3490.46
3490.46
3490.46
3490.46
3490.46
3490.46
3490.46
3490.46
3490.46
3490.46
3490.46
3490.46
3490.46
3490.46
3490.46
3490.46
3490.46
3490.46
3490.46
3490.46
3490.46
3490.46
3490.46
3490.46
3490.46
3490.46
3490.46
3490.46
3490.46
3490.46
3490.46
3490.46
3490.46
3490.46
3490.46
3490.46
3490.46
3490.46
3490.46
3490.46
3490.46
3490.46
3490.46
3490.46
3490.46
3490.46
3490.46
3490.46
3490.46
3490.46
3490.46
3490.46
3490.46
3490.46
3490.46
3490.46
3490.46
3490.46
3490.46
3490.46
3490.46
3490.46
3490.46
3490.46
3490.46
3490.46
3490.46
3490.46
3490.46
3490.46
3490.46
3490.46
3490.46
3490.46
3490.46
3490.46
3490.46
3490.46
3490.46
3490.46
3490.46
3490.46
3490.46
3490.46
3490.46
3490.46
3490.46
3490.46
3490.46
3490.46
3490.46
3490.46
3490.46
3490.46
3490.46
3490.46
3490.46
3490.46
3490.46
3490.46
3490.46
3490.46
3490.46
3490.46
3490.46
3490.46
3490.46
3490.46
3490.46
3490.46
3490.46
3490.46
3490.46
3490.46
3490.46
3490.46
3490.46
3490.46
3490.46
3490.46
3490.46
3490.46
3490.46
3490.46
3490.46
3490.46
3490.46
3490.46
3490.46
3490.46
3490.46
3490.46
3490.46
3490.46
3490.46
3490.46
3490.46
3490.46
3490.46
3490.46
3490.46
3490.46
3490.46
3490.46
3490.46
3490.46
3490.46
3490.46
3490.46
3490.46
3490.46
3490.46
3490.46
3490.46
3490.46
3490.46
3490.46
3490.46
3490.46
3490.46
3490.46
3490.46
3490.46
3490.46
3490.46
3490.46
3490.46
3490.46
3490.46
3490.46
3490.46
3490.46
3490.46
3490.46
3490.46
3490.46
3490.46
3490.46
3490.46
3490.46
3490.46
3490.46
3490.46
3490.46
3490.46
3490.46
3490.46
3490.46
3490.46
3490.46
3490.46
3490.46
3490.46
3490.46
3490.46
3490.46
3490.46
3490.46
3490.46
3490.46
3490.46
3490.46
3490.46
3490.46
3490.46
3490.46
3490.46
3490.46
3490.46
3490.46
3490.46
3490.46
3490.46
3490.46
3490.46
3490.46
3490.46
3490.46
3490.46
3490.46
3490.46
3490.46
3490.46
3490.46
3490.46
3490.46
3490.46
3490.46
3490.46
3490.46
3490.46
3490.46
3490.46
3490.46
3490.46
3490.46
3490.46
3490.46
3490.46
3490.46
3490.46
3490.46
3490.46
3490.46
3490.46
3490.46
3490.46
3490.46
3490.46
3490.46
3490.46
3490.46
3490.46
3490.46
3490.46
3490.46
3490.46
3490.46
3490.46
3490.46
3490.46
3490.46
3490.46
3490.46
3490.46
3490.46
3490.46
3490.46
3490.46
3490.46
3490.46
3490.46
3490.46
3490.46
3490.46
3490.46
3490.46
3490.46
3490.46
3490.46
3490.46
3490.46
3490.46
3490.46
3490.46
3490.46
3490.46
3490.46
3490.46
3490.46
3490.46
3490.46
3490.46
3490.46
3490.46
3490.46
3490.46
3490.46
3490.46
3490.46
3490.46
3490.46
3490.46
3490.46
3490.46
3490.46
3490.46
3490.46
3490.46
3490.46
3490.46
3490.46
3490.46
3490.46
3490.46
3490.46
3490.46
3490.46
3490.46
3490.46
3490.46
3490.46
3490.46
3490.46
3490.46
3490.46
3490.46
3490.46
3490.46
3490.46
3490.46
3490.46
3490.46
3490.46
3490.46
3490.46
3490.46
3490.46
3490.46
3490.46
3490.46
3490.46
3490.46
3490.46
3490.46
3490.46
3490.46
3490.46
3490.46
3490.46
3490.46
3490.46
3490.46
3490.46
3490.46
3490.46
3490.46
3490.46
3490.46
3490.46
3490.46
3490.46
3490.46
3490.46
3490.46
3490.46
3490.46
3490.46
3490.46
3490.46
3490.46
3490.46
3490.46
3490.46
3490.46
3490.46
3490.46
3490.46
3490.46
3490.46
3490.46
3490.46
3490.46
3490.46
3490.46
3490.46
3490.46
3490.46
3490.46
3490.46
3490.46
3490.46
3490.46
3490.46
3490.46
3490.46
3490.46
3490.46
3490.46
3490.46
3490.46
3490.46
3490.46
3490.46
3490.46
3490.46
3490.46
3490.46
3490.46
3490.46
3490.46
3490.46
3490.46
3490.46
3490.46
3490.46
3490.46
3490.46
3490.46
3490.46
3490.46
3490.46
3490.46
3490.46
3490.46
3490.46
3490.46
3490.46
3490.46
3490.46
3490.46
3490.46
3490.46
3490.46
3490.46
3490.46
3490.46
3490.46
3490.46
3490.46
3490.46
3490.46
3490.46
3490.46
3490.46
3490.46
3490.46
3490.46
3490.46
3490.46
3490.46
3490.46
3490.46
3490.46
3490.46
3490.46
3490.46
3490.46
3490.46
3490.46
3490.46
3490.46
3490.46
3490.46
3490.46
3490.46
3490.46
3490.46
3490.46
3490.46
3490.46
3490.46
3490.46
3490.46
3490.46
3490.46
3490.46
3490.46
3490.46
3490.46
3490.46
3490.46
3490.46
3490.46
3490.46
3490.46
3490.46
3490.46
3490.46
3490.46
3490.46
3490.46
3490.46
3490.46
3490.46
3490.46
3490.46
3490.46
3490.46
3490.46
3490.46
3490.46
3490.46
3490.46
3490.46
3490.46
3490.46
3490.46
3490.46
3490.46
3490.46
3490.46
3490.46
3490.46
3490.46
3490.46
3490.46
3490.46
3490.46
3490.46
3490.46
3490.46
3490.46
3490.46
3490.46
3490.46
3490.46
3490.46
3490.46