points
245 446
192 433
323 316
345 507
512 26
259 73
491 334
85 11
471 568
413 575
235 499
119 25
488 528
57 177
247 353
529 96
537 36
157 274
312 284
48 558
286 405
493 422
395 23
92 251
386 510
17 474
37 220
189 478
424 111
165 172
584 213
295 58
109 325
391 60
477 55
533 414
341 188
349 28
273 135
246 101
45 146
329 431
204 539
252 181
499 498
genomes
1 11659.019531 14 8 44 9 33 7 20 23 26 40 36 39 2 13 22 4 32 35 41 21 30 11 16 15 43 37 1 27 5 31 18 19 12 24 42 25 10 29 28 38 0 3 17 34 6
2 11490.089844 14 8 44 9 26 7 13 22 4 32 35 41 21 30 11 43 15 16 37 1 27 5 31 25 19 12 24 42 23 10 29 33 18 20 40 36 39 2 28 38 0 3 17 34 6
3 10760.130859 20 8 44 9 40 7 13 22 4 32 35 41 21 30 11 43 15 16 37 1 27 5 31 25 19 12 24 42 10 23 29 33 18 14 26 36 39 2 28 38 0 3 17 34 6
5 10342.047852 3 8 44 9 4 28 20 18 26 40 36 39 43 13 22 33 5 25 19 12 24 38 31 23 29 7 32 35 34 21 30 11 16 15 2 1 37 27 10 42 0 14 17 41 6
6 9837.600586 3 8 44 9 4 28 20 18 26 40 36 39 43 13 22 33 5 25 19 12 24 38 31 23 29 7 32 37 34 21 30 11 16 15 2 1 35 27 10 42 0 14 17 41 6
7 9372.615234 3 8 44 9 32 26 7 13 43 4 35 41 21 30 31 22 15 16 37 1 27 5 11 39 25 19 12 24 42 10 36 33 18 20 23 40 29 2 28 38 0 14 17 34 6
9 9147.200195 3 8 44 9 4 28 20 18 36 39 43 13 38 33 22 31 23 29 26 40 7 5 25 19 12 24 32 37 34 21 30 11 16 15 2 1 35 27 10 42 0 14 17 41 6
10 9050.498047 3 8 44 9 4 28 20 18 36 39 43 13 38 33 22 31 23 29 26 40 7 5 25 19 12 24 32 1 37 34 21 30 11 16 15 2 35 27 10 42 0 14 17 41 6
11 8964.263672 3 8 44 9 4 28 34 21 30 11 16 15 2 20 18 36 39 43 13 38 33 22 31 23 29 26 40 7 5 25 19 12 24 32 1 37 35 27 10 42 0 14 17 41 6
12 8639.488281 3 8 44 9 4 28 20 18 36 39 43 13 38 33 22 31 23 29 11 26 40 7 5 25 19 12 24 32 37 34 21 30 16 15 2 1 35 27 10 42 0 14 17 41 6
13 8436.325195 3 8 44 9 32 25 19 12 24 42 10 36 33 22 18 20 27 2 28 38 40 29 26 7 13 43 4 35 41 21 30 31 34 15 16 37 1 0 14 17 23 5 11 39 6
14 8432.185547 3 8 12 9 32 26 7 13 43 4 33 34 35 41 21 30 31 22 15 16 37 5 11 39 23 40 29 2 28 38 0 14 25 19 44 1 27 24 42 10 36 20 17 18 6
15 8153.375000 35 8 44 9 4 28 20 18 36 39 43 13 38 33 22 31 5 29 11 26 40 7 23 25 19 27 6 12 24 32 37 34 17 41 21 30 16 15 2 1 3 42 0 14 10
16 7637.242188 35 8 44 9 24 32 37 34 4 28 20 18 36 39 43 13 38 33 22 31 5 29 11 26 40 7 23 25 19 27 6 12 17 41 21 30 16 15 2 1 3 42 0 14 10
18 7526.849121 35 8 44 9 24 32 17 41 21 30 16 15 2 1 3 37 34 4 28 20 18 36 39 43 13 38 33 22 31 5 29 11 26 40 7 23 25 19 27 6 12 42 0 14 10
20 7422.310547 35 8 44 6 12 42 0 14 9 24 32 17 41 21 30 16 15 2 1 3 37 34 4 28 20 18 36 39 43 13 38 33 22 31 5 29 11 26 40 7 23 25 19 27 10
21 7118.847168 35 8 44 9 24 1 3 41 21 30 16 15 2 32 17 37 34 4 28 20 18 36 39 43 13 38 33 22 31 5 29 11 26 40 7 23 25 19 27 6 12 42 0 14 10
24 6906.083496 35 8 44 9 24 1 3 41 21 6 30 16 15 2 32 17 37 34 4 28 20 18 36 39 43 13 38 33 22 31 5 29 11 26 40 7 23 25 19 27 12 42 0 14 10
25 6851.071289 35 8 44 9 24 1 3 41 21 6 30 16 15 2 32 17 37 34 4 28 20 18 38 33 22 31 5 29 11 36 39 43 13 26 40 7 23 25 19 27 12 42 0 14 10
26 6769.840820 35 8 44 9 24 1 3 41 21 12 42 0 14 6 30 16 15 2 32 17 37 34 4 28 20 18 36 39 43 13 38 33 22 31 5 29 11 26 40 7 23 25 19 27 10
27 6660.131348 35 8 44 9 24 1 3 41 21 6 30 16 15 2 32 17 37 34 4 28 12 20 18 38 33 22 31 5 29 11 36 39 43 13 26 40 7 23 25 19 27 42 0 14 10
28 6641.481934 35 8 44 9 24 1 42 3 41 21 6 30 16 15 2 32 17 37 34 4 28 12 20 18 38 33 22 31 5 29 11 36 39 43 13 26 40 7 23 25 19 27 0 14 10
29 6634.062988 35 8 44 9 24 1 3 41 21 6 30 16 15 37 34 4 28 20 18 36 39 43 2 32 0 14 17 13 38 33 22 31 5 40 7 29 11 26 23 25 19 27 12 42 10
30 6559.834473 35 8 44 9 24 1 27 41 21 6 30 16 15 37 34 4 28 20 18 36 39 43 2 32 0 14 17 13 38 33 22 31 5 40 7 29 11 26 23 25 19 3 12 42 10
32 6451.646973 35 8 44 9 24 1 10 3 41 21 6 30 16 15 2 32 17 37 34 4 28 12 20 18 38 33 22 31 5 36 39 43 29 11 13 26 40 7 23 25 19 27 0 14 42
33 6430.771973 35 8 44 9 24 1 10 3 41 21 6 30 16 15 2 32 17 37 34 4 28 12 20 18 39 33 22 31 5 36 38 43 29 11 13 26 40 7 23 25 19 27 0 14 42
34 6421.325684 8 44 9 24 1 3 41 21 35 6 30 16 15 37 34 4 28 20 18 36 39 43 2 32 0 14 17 13 38 33 22 31 5 40 7 29 11 26 23 25 19 27 10 12 42
35 6414.964844 35 8 44 9 24 1 10 3 41 21 6 30 16 15 34 4 28 12 20 18 38 33 22 31 5 36 39 2 32 17 37 43 29 11 13 26 40 7 23 25 19 27 0 14 42
36 6054.763672 8 44 9 12 24 1 3 41 21 35 6 30 16 15 37 34 4 28 20 18 36 39 43 2 32 0 14 17 13 38 33 22 31 5 40 7 29 11 26 23 25 19 27 10 42
37 5980.583984 8 44 9 12 24 1 3 41 21 35 6 30 15 37 34 4 16 28 20 18 36 39 43 2 32 0 14 17 13 38 33 22 31 5 40 7 29 11 26 23 25 19 27 10 42
38 5863.911621 8 44 12 9 24 1 3 41 21 35 6 30 15 37 34 4 16 28 20 18 36 39 43 2 32 0 14 17 13 38 33 22 31 5 40 7 29 11 26 23 25 19 27 10 42
42 5808.793945 21 8 44 9 24 41 3 12 35 6 30 16 15 37 34 4 28 20 2 36 39 43 18 32 0 14 29 17 13 38 33 22 31 5 40 7 11 26 23 25 19 27 1 42 10
43 5764.276367 8 44 12 9 24 0 3 41 21 35 6 30 15 37 34 4 16 28 20 18 36 2 43 39 32 1 14 17 13 38 33 22 31 5 40 7 29 11 26 23 25 19 27 10 42
45 5764.050293 8 44 12 9 24 0 3 41 21 35 6 30 15 37 34 4 16 28 18 36 2 43 39 32 1 14 17 13 38 33 22 31 5 40 7 29 11 26 23 25 19 20 27 10 42
46 5698.366211 8 44 9 24 41 3 12 21 35 6 30 16 15 37 34 4 28 20 2 36 39 43 18 32 0 14 29 17 13 38 31 33 22 5 40 7 11 26 23 25 19 27 1 42 10
47 5674.082031 8 44 9 24 41 3 12 21 35 6 30 16 15 33 37 34 4 28 20 2 36 39 43 18 32 0 14 29 17 13 38 31 22 5 40 7 11 26 23 25 19 27 1 42 10
49 5519.243652 24 41 3 21 8 44 9 12 35 6 30 16 15 37 34 4 28 20 2 36 39 38 33 22 31 5 40 7 11 43 18 32 0 14 29 17 13 26 23 25 19 27 1 42 10
51 5446.669434 8 44 9 24 41 3 12 21 35 6 30 16 15 37 34 4 28 38 31 33 22 5 20 2 36 39 43 18 32 0 14 29 17 13 40 7 11 26 23 25 19 27 1 42 10
53 5349.971191 8 44 9 24 41 3 12 21 35 6 30 16 15 33 37 34 4 28 20 2 36 39 43 18 32 0 14 17 29 38 31 22 5 40 7 11 13 26 23 25 19 27 1 42 10
57 5325.619141 8 44 9 24 41 3 12 21 35 6 30 16 15 28 34 4 37 38 31 33 22 5 20 2 36 39 43 18 32 0 14 29 17 13 40 7 11 26 23 25 19 27 1 42 10
62 5256.372070 8 44 9 24 41 3 12 21 35 6 30 16 15 33 37 34 4 28 20 2 36 38 43 18 32 0 14 17 29 39 31 22 5 40 7 11 13 26 23 25 19 27 1 42 10
63 5212.394043 24 41 3 20 21 8 44 9 12 35 6 30 16 15 34 37 4 28 18 36 39 38 33 22 31 5 40 7 11 43 29 13 26 23 25 19 27 1 42 10 32 17 2 14 0
64 5103.714844 8 44 9 24 41 3 12 21 35 6 30 16 15 28 34 4 37 38 31 33 22 5 29 17 13 40 7 11 26 23 25 19 27 20 2 36 39 43 18 32 0 14 1 42 10
70 5057.564941 8 44 9 24 41 3 12 21 35 6 30 16 15 28 34 4 37 38 31 33 22 5 29 17 13 23 40 7 11 26 32 25 19 27 20 2 36 39 43 18 0 14 1 42 10
74 4977.358398 8 44 9 24 2 36 39 43 18 32 0 41 3 12 21 35 6 30 16 15 28 34 4 33 22 37 38 31 5 29 17 13 40 7 11 26 23 25 19 1 42 10 27 14 20
75 4947.755859 8 44 9 24 2 36 39 43 18 32 14 0 41 3 12 21 35 6 30 16 15 28 34 4 33 22 37 38 31 5 29 17 13 40 7 11 26 23 25 19 1 42 10 27 20
86 4923.889160 8 44 9 24 41 3 12 21 35 6 30 16 15 28 34 4 37 5 31 33 22 38 29 17 13 23 40 7 11 26 32 25 19 27 20 0 2 36 39 43 18 14 1 42 10
87 4876.595703 44 8 9 24 2 36 39 43 18 32 14 0 41 3 12 21 35 6 30 16 15 28 34 4 33 22 37 38 31 5 29 17 13 40 7 11 26 23 25 19 1 42 10 27 20
89 4838.014648 8 44 9 24 2 36 39 43 18 32 14 20 41 3 12 21 35 6 30 16 15 28 34 4 33 22 37 38 31 5 29 17 13 40 7 11 26 23 25 19 1 42 10 27 0
91 4837.249512 8 44 9 24 2 36 39 43 18 32 14 20 41 3 12 21 35 6 30 16 15 34 4 33 28 22 37 38 31 5 29 17 13 40 7 11 26 23 25 19 1 42 10 27 0
94 4812.246582 24 41 3 12 35 6 30 16 15 34 37 4 28 18 36 33 22 31 5 40 7 11 39 38 43 29 13 26 23 17 32 25 19 27 1 42 10 2 14 0 20 21 8 44 9
107 4634.264648 44 8 9 24 3 12 21 35 6 30 16 15 28 34 4 33 22 37 38 31 5 29 17 13 40 7 11 26 23 25 19 27 1 42 10 20 2 36 39 43 18 32 14 0 41
119 4505.051270 3 9 24 44 12 8 21 35 6 30 16 15 28 34 4 33 22 37 31 38 5 29 17 13 40 7 11 26 23 25 19 27 1 42 10 41 20 2 36 39 43 18 32 14 0
129 4441.045410 3 9 24 44 12 8 21 35 6 30 16 15 28 34 4 33 22 37 31 38 5 17 32 13 40 7 11 26 23 25 19 27 1 42 10 41 20 2 36 39 29 43 18 14 0
138 4410.533203 3 9 24 44 12 8 21 35 6 30 16 15 28 34 4 33 22 37 31 38 5 17 23 32 13 40 7 11 29 26 25 19 27 42 10 41 20 2 43 39 36 18 14 1 0
142 4256.880859 3 9 24 44 12 8 21 35 6 30 16 15 28 34 4 33 22 37 31 38 5 39 29 17 32 13 40 7 11 26 23 25 19 27 42 10 41 20 36 43 2 18 14 1 0
144 4213.283691 3 9 24 44 12 8 21 35 6 30 16 15 28 34 4 33 22 37 31 38 5 39 29 17 32 13 40 7 11 26 23 25 19 27 42 10 41 20 36 43 18 2 14 1 0
151 4154.434570 3 9 24 44 12 8 21 35 6 30 16 15 28 34 4 33 22 37 31 38 5 39 29 17 32 13 40 7 11 26 23 25 19 27 42 10 41 20 2 18 36 43 14 1 0
156 4148.133789 3 9 24 8 12 44 21 35 6 30 16 15 28 34 4 33 22 37 31 39 29 13 11 7 40 26 23 43 36 38 5 17 32 25 19 27 1 42 10 41 20 2 18 14 0
157 4141.014648 3 9 24 8 12 44 21 35 6 30 16 15 28 34 4 33 22 37 31 39 29 40 11 7 13 26 23 43 36 38 5 17 32 25 19 27 1 42 10 41 20 2 18 14 0
163 4116.721680 3 9 24 8 12 44 21 35 6 30 15 16 28 34 4 33 22 37 31 39 29 40 11 7 13 26 23 43 36 38 5 17 32 25 19 27 1 42 10 41 20 2 18 14 0
164 4110.969727 1 3 9 24 8 12 44 21 35 6 30 28 34 4 16 15 33 22 37 31 39 29 13 11 7 40 26 23 43 36 38 5 17 32 25 19 27 42 10 41 20 2 18 14 0
171 4061.337158 1 3 9 24 8 12 44 21 35 6 30 28 15 16 34 4 33 22 37 31 5 39 29 13 11 7 40 26 23 17 36 38 43 32 25 19 42 27 10 41 20 2 18 14 0
179 4053.586426 27 1 3 9 24 8 12 44 21 35 6 30 28 15 16 34 4 33 22 37 31 5 39 29 13 11 7 40 26 23 17 36 38 43 32 25 19 42 10 41 20 2 18 14 0
186 4012.565674 27 1 3 9 24 8 12 44 21 35 6 30 28 15 16 34 4 33 22 37 31 5 39 29 13 11 7 40 26 23 17 36 38 43 2 18 14 32 25 19 42 10 41 20 0
188 3833.895264 1 3 9 24 8 12 44 21 35 6 30 28 15 16 34 4 33 22 37 31 5 39 36 38 43 29 13 11 7 40 26 23 17 32 25 19 42 27 10 41 20 2 18 14 0
215 3833.895020 23 17 32 25 19 42 27 10 41 20 2 18 14 0 1 3 9 24 8 12 44 21 35 6 30 28 15 16 34 4 33 22 37 31 5 39 36 38 43 29 13 11 7 40 26
223 3823.587646 1 25 19 42 27 10 41 20 3 9 24 8 12 44 35 21 6 30 4 15 16 34 28 33 22 37 31 5 39 36 38 43 29 13 11 7 40 26 23 32 17 2 18 14 0
228 3821.455322 1 32 25 19 42 27 10 20 41 3 9 24 8 12 44 21 35 6 30 28 15 16 34 4 33 22 37 31 5 39 36 38 43 29 11 7 40 26 13 23 17 2 18 14 0
231 3797.924072 1 25 19 42 27 10 41 20 3 9 24 8 12 44 21 35 6 30 28 15 34 16 4 33 22 37 31 5 39 36 38 43 29 11 7 13 40 26 23 32 17 2 18 14 0
233 3753.806396 1 25 19 42 27 10 41 20 3 24 9 8 12 44 35 21 6 30 4 15 16 34 28 33 22 37 31 5 39 36 43 38 29 13 11 7 40 26 23 32 17 2 18 14 0
236 3672.503662 23 17 32 25 19 42 27 10 41 20 2 18 14 0 1 3 9 24 8 12 44 21 35 6 30 15 4 16 34 28 33 22 37 31 5 39 36 38 43 29 13 11 7 40 26
240 3643.516846 23 17 32 25 19 42 27 10 41 20 2 18 14 0 1 3 9 24 8 12 44 21 35 6 30 15 16 4 34 28 33 22 37 31 5 39 36 38 43 29 13 11 7 40 26
245 3586.057129 23 17 32 25 19 42 27 10 41 20 2 18 14 0 1 3 9 24 8 12 44 21 35 6 30 15 16 4 34 28 33 22 37 31 5 39 36 38 43 29 11 7 13 40 26
255 3576.875000 23 17 32 25 19 1 27 10 41 20 2 18 14 0 42 3 9 24 8 12 44 21 35 6 30 15 16 4 34 28 33 22 37 31 5 39 38 36 43 29 11 7 13 40 26
265 3504.918213 23 17 32 25 19 42 27 10 20 41 2 18 14 1 0 3 24 9 8 12 44 21 35 6 30 15 16 4 34 28 33 22 37 31 5 39 36 38 43 29 13 11 7 40 26
288 3464.873535 13 23 17 32 25 19 42 27 10 20 41 2 18 14 1 0 3 24 9 8 12 44 35 21 6 30 15 16 4 34 28 33 22 37 31 5 39 36 38 43 29 11 7 40 26
305 3441.710205 13 23 17 32 25 19 42 27 10 20 2 18 14 1 0 41 3 24 9 8 12 44 35 21 6 30 15 16 4 34 28 33 22 37 31 5 39 36 38 43 29 11 7 40 26
317 3434.417969 23 17 32 25 19 42 10 27 1 20 41 2 18 14 0 3 24 9 8 12 44 21 35 6 30 15 16 4 34 28 33 22 37 31 5 39 36 38 43 29 7 11 13 40 26
321 3385.086426 23 17 32 25 19 42 10 27 1 20 41 2 18 14 0 3 24 9 8 12 44 21 35 6 30 15 16 4 34 28 33 22 37 31 5 39 36 38 43 29 7 11 40 13 26
322 3349.331543 23 17 32 25 19 42 10 27 1 0 41 2 18 14 20 3 24 9 8 12 44 21 35 6 30 15 16 4 34 28 33 22 37 31 5 39 36 38 43 29 7 11 40 13 26
354 3338.393311 23 17 32 25 19 42 10 27 1 20 41 2 18 14 0 3 24 9 8 12 44 21 35 6 30 15 16 4 34 28 33 22 37 31 5 39 38 36 43 29 7 11 40 13 26
400 3311.608887 23 17 32 25 19 42 10 27 1 20 41 2 18 14 0 3 24 9 8 12 44 21 35 6 30 15 16 4 34 28 33 22 37 31 5 39 38 36 43 29 11 7 40 13 26
502 3275.854004 23 17 32 25 19 42 10 27 1 0 41 2 18 14 20 3 24 9 8 12 44 21 35 6 30 15 16 4 34 28 33 22 37 31 5 39 38 36 43 29 11 7 40 13 26
563 3237.740234 23 17 32 25 19 42 10 27 1 0 20 2 18 14 41 3 24 9 8 12 44 21 35 6 30 15 16 4 34 28 33 22 37 31 5 39 38 36 43 29 11 7 40 13 26
626 3208.339111 23 17 32 25 19 42 10 27 1 0 20 14 18 2 41 3 24 9 8 12 44 21 35 6 30 15 16 4 34 28 33 22 37 31 5 39 38 36 43 29 11 7 40 13 26
fitnesses
11659
11490.1
10760.1
10760.1
10342
9837.6
9372.62
9372.62
9147.2
9050.5
8964.26
8639.49
8436.33
8432.19
8153.38
7637.24
7637.24
7526.85
7526.85
7422.31
7118.85
7118.85
7118.85
6906.08
6851.07
6769.84
6660.13
6641.48
6634.06
6559.83
6559.83
6451.65
6430.77
6421.33
6414.96
6054.76
5980.58
5863.91
5863.91
5863.91
5863.91
5808.79
5764.28
5764.28
5764.05
5698.37
5674.08
5674.08
5519.24
5519.24
5446.67
5446.67
5349.97
5349.97
5349.97
5349.97
5325.62
5325.62
5325.62
5325.62
5325.62
5256.37
5212.39
5103.71
5103.71
5103.71
5103.71
5103.71
5103.71
5057.56
5057.56
5057.56
5057.56
4977.36
4947.76
4947.76
4947.76
4947.76
4947.76
4947.76
4947.76
4947.76
4947.76
4947.76
4947.76
4923.89
4876.6
4876.6
4838.01
4838.01
4837.25
4837.25
4837.25
4812.25
4812.25
4812.25
4812.25
4812.25
4812.25
4812.25
4812.25
4812.25
4812.25
4812.25
4812.25
4812.25
4634.26
4634.26
4634.26
4634.26
4634.26
4634.26
4634.26
4634.26
4634.26
4634.26
4634.26
4634.26
4505.05
4505.05
4505.05
4505.05
4505.05
4505.05
4505.05
4505.05
4505.05
4505.05
4441.05
4441.05
4441.05
4441.05
4441.05
4441.05
4441.05
4441.05
4441.05
4410.53
4410.53
4410.53
4410.53
4256.88
4256.88
4213.28
4213.28
4213.28
4213.28
4213.28
4213.28
4213.28
4154.43
4154.43
4154.43
4154.43
4154.43
4148.13
4141.01
4141.01
4141.01
4141.01
4141.01
4141.01
4116.72
4110.97
4110.97
4110.97
4110.97
4110.97
4110.97
4110.97
4061.34
4061.34
4061.34
4061.34
4061.34
4061.34
4061.34
4061.34
4053.59
4053.59
4053.59
4053.59
4053.59
4053.59
4053.59
4012.57
4012.57
3833.9
3833.9
3833.9
3833.9
3833.9
3833.9
3833.9
3833.9
3833.9
3833.9
3833.9
3833.9
3833.9
3833.9
3833.9
3833.9
3833.9
3833.9
3833.9
3833.9
3833.9
3833.9
3833.9
3833.9
3833.9
3833.9
3833.9
3833.9
3833.9
3833.9
3833.9
3833.9
3833.9
3833.9
3833.9
3823.59
3823.59
3823.59
3823.59
3823.59
3821.46
3821.46
3821.46
3797.92
3797.92
3753.81
3753.81
3753.81
3672.5
3672.5
3672.5
3672.5
3643.52
3643.52
3643.52
3643.52
3643.52
3586.06
3586.06
3586.06
3586.06
3586.06
3586.06
3586.06
3586.06
3586.06
3586.06
3576.88
3576.88
3576.88
3576.88
3576.88
3576.88
3576.88
3576.88
3576.88
3576.88
3504.92
3504.92
3504.92
3504.92
3504.92
3504.92
3504.92
3504.92
3504.92
3504.92
3504.92
3504.92
3504.92
3504.92
3504.92
3504.92
3504.92
3504.92
3504.92
3504.92
3504.92
3504.92
3504.92
3464.87
3464.87
3464.87
3464.87
3464.87
3464.87
3464.87
3464.87
3464.87
3464.87
3464.87
3464.87
3464.87
3464.87
3464.87
3464.87
3464.87
3441.71
3441.71
3441.71
3441.71
3441.71
3441.71
3441.71
3441.71
3441.71
3441.71
3441.71
3441.71
3434.42
3434.42
3434.42
3434.42
3385.09
3349.33
3349.33
3349.33
3349.33
3349.33
3349.33
3349.33
3349.33
3349.33
3349.33
3349.33
3349.33
3349.33
3349.33
3349.33
3349.33
3349.33
3349.33
3349.33
3349.33
3349.33
3349.33
3349.33
3349.33
3349.33
3349.33
3349.33
3349.33
3349.33
3349.33
3349.33
3349.33
3338.39
3338.39
3338.39
3338.39
3338.39
3338.39
3338.39
3338.39
3338.39
3338.39
3338.39
3338.39
3338.39
3338.39
3338.39
3338.39
3338.39
3338.39
3338.39
3338.39
3338.39
3338.39
3338.39
3338.39
3338.39
3338.39
3338.39
3338.39
3338.39
3338.39
3338.39
3338.39
3338.39
3338.39
3338.39
3338.39
3338.39
3338.39
3338.39
3338.39
3338.39
3338.39
3338.39
3338.39
3338.39
3338.39
3311.61
3311.61
3311.61
3311.61
3311.61
3311.61
3311.61
3311.61
3311.61
3311.61
3311.61
3311.61
3311.61
3311.61
3311.61
3311.61
3311.61
3311.61
3311.61
3311.61
3311.61
3311.61
3311.61
3311.61
3311.61
3311.61
3311.61
3311.61
3311.61
3311.61
3311.61
3311.61
3311.61
3311.61
3311.61
3311.61
3311.61
3311.61
3311.61
3311.61
3311.61
3311.61
3311.61
3311.61
3311.61
3311.61
3311.61
3311.61
3311.61
3311.61
3311.61
3311.61
3311.61
3311.61
3311.61
3311.61
3311.61
3311.61
3311.61
3311.61
3311.61
3311.61
3311.61
3311.61
3311.61
3311.61
3311.61
3311.61
3311.61
3311.61
3311.61
3311.61
3311.61
3311.61
3311.61
3311.61
3311.61
3311.61
3311.61
3311.61
3311.61
3311.61
3311.61
3311.61
3311.61
3311.61
3311.61
3311.61
3311.61
3311.61
3311.61
3311.61
3311.61
3311.61
3311.61
3311.61
3311.61
3311.61
3311.61
3311.61
3311.61
3311.61
3275.85
3275.85
3275.85
3275.85
3275.85
3275.85
3275.85
3275.85
3275.85
3275.85
3275.85
3275.85
3275.85
3275.85
3275.85
3275.85
3275.85
3275.85
3275.85
3275.85
3275.85
3275.85
3275.85
3275.85
3275.85
3275.85
3275.85
3275.85
3275.85
3275.85
3275.85
3275.85
3275.85
3275.85
3275.85
3275.85
3275.85
3275.85
3275.85
3275.85
3275.85
3275.85
3275.85
3275.85
3275.85
3275.85
3275.85
3275.85
3275.85
3275.85
3275.85
3275.85
3275.85
3275.85
3275.85
3275.85
3275.85
3275.85
3275.85
3275.85
3275.85
3237.74
3237.74
3237.74
3237.74
3237.74
3237.74
3237.74
3237.74
3237.74
3237.74
3237.74
3237.74
3237.74
3237.74
3237.74
3237.74
3237.74
3237.74
3237.74
3237.74
3237.74
3237.74
3237.74
3237.74
3237.74
3237.74
3237.74
3237.74
3237.74
3237.74
3237.74
3237.74
3237.74
3237.74
3237.74
3237.74
3237.74
3237.74
3237.74
3237.74
3237.74
3237.74
3237.74
3237.74
3237.74
3237.74
3237.74
3237.74
3237.74
3237.74
3237.74
3237.74
3237.74
3237.74
3237.74
3237.74
3237.74
3237.74
3237.74
3237.74
3237.74
3237.74
3237.74
3208.34
3208.34
3208.34
3208.34
3208.34
3208.34
3208.34
3208.34
3208.34
3208.34
3208.34
3208.34
3208.34
3208.34
3208.34
3208.34
3208.34
3208.34
3208.34
3208.34
3208.34
3208.34
3208.34
3208.34
3208.34
3208.34
3208.34
3208.34
3208.34
3208.34
3208.34
3208.34
3208.34
3208.34
3208.34
3208.34
3208.34
3208.34
3208.34
3208.34
3208.34
3208.34
3208.34
3208.34
3208.34
3208.34
3208.34
3208.34
3208.34
3208.34
3208.34
3208.34
3208.34
3208.34
3208.34
3208.34
3208.34
3208.34
3208.34
3208.34
3208.34
3208.34
3208.34
3208.34
3208.34
3208.34
3208.34
3208.34
3208.34
3208.34
3208.34
3208.34
3208.34
3208.34
3208.34
3208.34
3208.34
3208.34
3208.34
3208.34
3208.34
3208.34
3208.34
3208.34
3208.34
3208.34
3208.34
3208.34
3208.34
3208.34
3208.34
3208.34
3208.34
3208.34
3208.34
3208.34
3208.34
3208.34
3208.34
3208.34
3208.34
3208.34
3208.34
3208.34
3208.34
3208.34
3208.34
3208.34
3208.34
3208.34
3208.34
3208.34
3208.34
3208.34
3208.34
3208.34
3208.34
3208.34
3208.34
3208.34
3208.34
3208.34
3208.34
3208.34
3208.34
3208.34
3208.34
3208.34
3208.34
3208.34
3208.34
3208.34
3208.34
3208.34
3208.34
3208.34
3208.34
3208.34
3208.34
3208.34
3208.34
3208.34
3208.34
3208.34
3208.34
3208.34
3208.34
3208.34
3208.34
3208.34
3208.34
3208.34
3208.34
3208.34
3208.34
3208.34
3208.34
3208.34
3208.34
3208.34
3208.34
3208.34
3208.34
3208.34
3208.34
3208.34
3208.34
3208.34
3208.34
3208.34
3208.34
3208.34
3208.34
3208.34
3208.34
3208.34
3208.34
3208.34
3208.34
3208.34
3208.34
3208.34
3208.34
3208.34
3208.34
3208.34
3208.34
3208.34
3208.34
3208.34
3208.34
3208.34
3208.34
3208.34
3208.34
3208.34
3208.34
3208.34
3208.34
3208.34
3208.34
3208.34
3208.34
3208.34
3208.34
3208.34
3208.34
3208.34
3208.34
3208.34
3208.34
3208.34
3208.34
3208.34
3208.34
3208.34
3208.34
3208.34
3208.34
3208.34
3208.34
3208.34
3208.34
3208.34
3208.34
3208.34
3208.34
3208.34
3208.34
3208.34
3208.34
3208.34
3208.34
3208.34
3208.34
3208.34
3208.34
3208.34
3208.34
3208.34
3208.34
3208.34
3208.34
3208.34
3208.34
3208.34
3208.34
3208.34
3208.34
3208.34
3208.34
3208.34
3208.34
3208.34
3208.34
3208.34
3208.34
3208.34
3208.34
3208.34
3208.34
3208.34
3208.34
3208.34
3208.34
3208.34
3208.34
3208.34
3208.34
3208.34
3208.34
3208.34
3208.34
3208.34
3208.34
3208.34
3208.34
3208.34
3208.34
3208.34
3208.34
3208.34
3208.34
3208.34
3208.34
3208.34
3208.34
3208.34
3208.34
3208.34
3208.34
3208.34
3208.34
3208.34
3208.34
3208.34
3208.34
3208.34
3208.34
3208.34
3208.34
3208.34
3208.34
3208.34
3208.34
3208.34
3208.34
3208.34
3208.34
3208.34
3208.34
3208.34
3208.34
3208.34
3208.34
3208.34
3208.34
3208.34
3208.34
3208.34
3208.34
3208.34
3208.34
3208.34
3208.34
3208.34
3208.34
3208.34
3208.34
3208.34
3208.34
3208.34
3208.34
3208.34
3208.34
3208.34
3208.34
3208.34
3208.34
3208.34
3208.34
3208.34
3208.34
3208.34
3208.34
3208.34
3208.34
3208.34
3208.34
3208.34
3208.34
3208.34
3208.34
3208.34
3208.34
3208.34
3208.34
3208.34
3208.34
3208.34
3208.34
3208.34
3208.34
3208.34
3208.34
3208.34
3208.34
3208.34
3208.34
3208.34
3208.34
3208.34
3208.34
3208.34
3208.34
3208.34
3208.34
3208.34
3208.34
3208.34
3208.34
3208.34
3208.34
3208.34
3208.34
3208.34
3208.34
3208.34
3208.34
3208.34
3208.34
3208.34
3208.34
3208.34
3208.34
3208.34
3208.34
3208.34
3208.34
3208.34
3208.34
3208.34
3208.34
3208.34
3208.34
3208.34
3208.34
3208.34
3208.34
3208.34
3208.34
3208.34
3208.34
3208.34
3208.34
3208.34
3208.34
3208.34
3208.34
3208.34
3208.34
3208.34
3208.34
3208.34
3208.34
3208.34
3208.34
3208.34
3208.34
3208.34
3208.34
3208.34
3208.34
3208.34
3208.34
3208.34
3208.34
3208.34
3208.34
3208.34
3208.34
3208.34
3208.34
3208.34
3208.34
3208.34
3208.34
3208.34
3208.34
3208.34
3208.34
3208.34
3208.34
3208.34
3208.34
3208.34
3208.34
3208.34
3208.34
3208.34
3208.34
3208.34
3208.34
3208.34
3208.34
3208.34
3208.34
3208.34
3208.34
3208.34
3208.34
3208.34
3208.34
3208.34
3208.34
3208.34
3208.34
3208.34
3208.34
3208.34
3208.34
3208.34
3208.34
3208.34
3208.34
3208.34
3208.34
3208.34
3208.34
3208.34
3208.34
3208.34
3208.34
3208.34
3208.34
3208.34
3208.34
3208.34
3208.34
3208.34
3208.34
3208.34
3208.34
3208.34
3208.34
3208.34
3208.34
3208.34
3208.34
3208.34
3208.34
3208.34
3208.34
3208.34
3208.34
3208.34
3208.34
3208.34
3208.34
3208.34
3208.34
3208.34
3208.34
3208.34
3208.34
3208.34
3208.34
3208.34
3208.34
3208.34
3208.34
3208.34
3208.34
3208.34
3208.34
3208.34
3208.34
3208.34
3208.34
3208.34
3208.34
3208.34
3208.34
3208.34
3208.34
3208.34
3208.34
3208.34
3208.34
3208.34
3208.34
3208.34
3208.34
3208.34
3208.34
3208.34
3208.34
3208.34
3208.34
3208.34
3208.34
3208.34
3208.34
3208.34
3208.34
3208.34
3208.34
3208.34
3208.34
3208.34
3208.34
3208.34
3208.34
3208.34
3208.34
3208.34
3208.34
3208.34
3208.34
3208.34
3208.34
3208.34
3208.34
3208.34
3208.34
3208.34
3208.34
3208.34
3208.34
3208.34
3208.34
3208.34
3208.34
3208.34
3208.34
3208.34
3208.34
3208.34
3208.34
3208.34
3208.34
3208.34
3208.34
3208.34
3208.34
3208.34
3208.34
3208.34
3208.34
3208.34
3208.34
3208.34
3208.34
3208.34
3208.34
3208.34
3208.34
3208.34
3208.34
3208.34
3208.34
3208.34
3208.34
3208.34
3208.34
3208.34
3208.34
3208.34
3208.34
3208.34
3208.34
3208.34
3208.34
3208.34
3208.34
3208.34
3208.34
3208.34
3208.34
3208.34
3208.34
3208.34
3208.34
3208.34
3208.34
3208.34
3208.34
3208.34
3208.34
3208.34
3208.34
3208.34
3208.34
3208.34
3208.34
3208.34
3208.34
3208.34
3208.34
3208.34
3208.34
3208.34
3208.34
3208.34
3208.34
3208.34
3208.34
3208.34
3208.34
3208.34
3208.34
3208.34
3208.34
3208.34
3208.34
3208.34
3208.34
3208.34
3208.34
3208.34
3208.34
3208.34
3208.34
3208.34
3208.34
3208.34
3208.34
3208.34
3208.34
3208.34
3208.34
3208.34
3208.34
3208.34
3208.34
3208.34
3208.34
3208.34
3208.34
3208.34
3208.34
3208.34
3208.34
3208.34
3208.34
3208.34
3208.34
3208.34
3208.34
3208.34
3208.34
3208.34
3208.34
3208.34
3208.34
3208.34
3208.34
3208.34
3208.34
3208.34
3208.34
3208.34
3208.34
3208.34
3208.34
3208.34
3208.34
3208.34
3208.34
3208.34
3208.34
3208.34
3208.34
3208.34
3208.34
3208.34
3208.34
3208.34
3208.34
3208.34
3208.34
3208.34
3208.34
3208.34
3208.34
3208.34
3208.34
3208.34
3208.34
3208.34
3208.34
3208.34
3208.34
3208.34
3208.34
3208.34
3208.34
3208.34
3208.34
3208.34
3208.34
3208.34
3208.34
3208.34
3208.34
3208.34
3208.34
3208.34
3208.34
3208.34
3208.34
3208.34
3208.34
3208.34
3208.34
3208.34
3208.34
3208.34
3208.34
3208.34
3208.34
3208.34
3208.34
3208.34
3208.34
3208.34
3208.34
3208.34
3208.34
3208.34
3208.34
3208.34
3208.34
3208.34
3208.34
3208.34
3208.34
3208.34
3208.34
3208.34
3208.34
3208.34
3208.34
3208.34
3208.34
3208.34
3208.34
3208.34
3208.34
3208.34
3208.34
3208.34
3208.34
3208.34
3208.34
3208.34
3208.34
3208.34
3208.34
3208.34
3208.34
3208.34
3208.34
3208.34
3208.34
3208.34
3208.34
3208.34
3208.34
3208.34
3208.34
3208.34
3208.34
3208.34
3208.34
3208.34
3208.34
3208.34
3208.34
3208.34
3208.34
3208.34
3208.34
3208.34
3208.34
3208.34
3208.34
3208.34
3208.34
3208.34
3208.34
3208.34
3208.34
3208.34
3208.34
3208.34
3208.34
3208.34
3208.34
3208.34
3208.34
3208.34
3208.34
3208.34
3208.34
3208.34
3208.34
3208.34
3208.34
3208.34
3208.34
3208.34
3208.34
3208.34
3208.34
3208.34
3208.34
3208.34
3208.34
3208.34
3208.34
3208.34
3208.34
3208.34
3208.34
3208.34
3208.34
3208.34
3208.34
3208.34
3208.34
3208.34
3208.34
3208.34
3208.34
3208.34
3208.34
3208.34
3208.34
3208.34
3208.34
3208.34
3208.34
3208.34
3208.34
3208.34
3208.34
3208.34
3208.34
3208.34
3208.34
3208.34
3208.34
3208.34
3208.34
3208.34
3208.34
3208.34
3208.34
3208.34
3208.34
3208.34
3208.34
3208.34
3208.34
3208.34
3208.34
3208.34
3208.34
3208.34
3208.34
3208.34
3208.34
3208.34
3208.34
3208.34
3208.34
3208.34
3208.34
3208.34
3208.34
3208.34
3208.34
3208.34
3208.34
3208.34
3208.34
3208.34
3208.34
3208.34
3208.34
3208.34
3208.34
3208.34
3208.34
3208.34
3208.34
3208.34
3208.34
3208.34
3208.34
3208.34
3208.34
3208.34
3208.34
3208.34
3208.34
3208.34
3208.34
3208.34
3208.34
3208.34
3208.34
3208.34
3208.34
3208.34
3208.34
3208.34
3208.34
3208.34
3208.34
3208.34
3208.34
3208.34
3208.34
3208.34
3208.34
3208.34
3208.34
3208.34
3208.34
3208.34
3208.34
3208.34
3208.34
3208.34
3208.34
3208.34
3208.34
3208.34
3208.34
3208.34
3208.34
3208.34
3208.34
3208.34
3208.34
3208.34
3208.34
3208.34
3208.34
3208.34
3208.34
3208.34
3208.34
3208.34
3208.34
3208.34
3208.34
3208.34
3208.34
3208.34
3208.34
3208.34
3208.34
3208.34
3208.34
3208.34
3208.34
3208.34
3208.34
3208.34
3208.34
3208.34
3208.34
3208.34
3208.34
3208.34
3208.34
3208.34
3208.34
3208.34
3208.34
3208.34
3208.34
3208.34
3208.34
3208.34
3208.34
3208.34
3208.34
3208.34
3208.34
3208.34
3208.34
3208.34
3208.34
3208.34
3208.34
3208.34
3208.34
3208.34
3208.34
3208.34
3208.34
3208.34
3208.34
3208.34
3208.34
3208.34
3208.34
3208.34
3208.34
3208.34
3208.34
3208.34
3208.34
3208.34
3208.34
3208.34
3208.34
3208.34
3208.34
3208.34
3208.34
3208.34
3208.34
3208.34
3208.34
3208.34
3208.34
3208.34
3208.34
3208.34
3208.34
3208.34
3208.34
3208.34
3208.34
3208.34
3208.34
3208.34
3208.34
3208.34
3208.34
3208.34
3208.34
3208.34
3208.34
3208.34
3208.34
3208.34
3208.34
3208.34
3208.34
3208.34
3208.34
3208.34
3208.34
3208.34
3208.34
3208.34
3208.34
3208.34
3208.34
3208.34
3208.34
3208.34
3208.34
3208.34
3208.34
3208.34
3208.34
3208.34
3208.34
3208.34
3208.34
3208.34
3208.34
3208.34
3208.34
3208.34
3208.34
3208.34
3208.34
3208.34
3208.34
3208.34
3208.34
3208.34
3208.34
3208.34
3208.34
3208.34
3208.34
3208.34
3208.34
3208.34
3208.34
3208.34
3208.34
3208.34
3208.34
3208.34
3208.34
3208.34
3208.34
3208.34
3208.34
3208.34
3208.34
3208.34
3208.34
3208.34
3208.34
3208.34
3208.34
3208.34
3208.34
3208.34
3208.34
3208.34
3208.34
3208.34
3208.34
3208.34
3208.34
3208.34
3208.34
3208.34
3208.34
3208.34
3208.34
3208.34
3208.34
3208.34
3208.34
3208.34
3208.34
3208.34
3208.34
3208.34
3208.34
3208.34
3208.34
3208.34
3208.34
3208.34
3208.34
3208.34
3208.34
3208.34
3208.34
3208.34
3208.34
3208.34
3208.34
3208.34
3208.34
3208.34
3208.34
3208.34
3208.34
3208.34
3208.34
3208.34
3208.34
3208.34
3208.34
3208.34
3208.34
3208.34
3208.34
3208.34
3208.34
3208.34
3208.34
3208.34
3208.34
3208.34
3208.34
3208.34
3208.34
3208.34
3208.34
3208.34
3208.34
3208.34
3208.34
3208.34
3208.34
3208.34
3208.34
3208.34
3208.34
3208.34
3208.34
3208.34
3208.34
3208.34
3208.34
3208.34
3208.34
3208.34
3208.34
3208.34
3208.34
3208.34
3208.34
3208.34
3208.34
3208.34
3208.34
3208.34
3208.34
3208.34
3208.34
3208.34
3208.34
3208.34
3208.34
3208.34
3208.34
3208.34
3208.34
3208.34
3208.34
3208.34
3208.34
3208.34
3208.34
3208.34
3208.34
3208.34
3208.34
3208.34
3208.34
3208.34
3208.34
3208.34
3208.34
3208.34
3208.34
3208.34
3208.34
3208.34
3208.34
3208.34
3208.34
3208.34
3208.34
3208.34
3208.34
3208.34
3208.34
3208.34
3208.34
3208.34
3208.34
3208.34
3208.34
3208.34
3208.34
3208.34
3208.34
3208.34
3208.34
3208.34
3208.34
3208.34
3208.34
3208.34
3208.34
3208.34
3208.34
3208.34
3208.34
3208.34
3208.34
3208.34
3208.34
3208.34
3208.34
3208.34
3208.34
3208.34
3208.34
3208.34
3208.34
3208.34
3208.34
3208.34
3208.34
3208.34
3208.34
3208.34
3208.34
3208.34
3208.34
3208.34
3208.34
3208.34
3208.34
3208.34
3208.34
3208.34
3208.34
3208.34
3208.34
3208.34
3208.34
3208.34
3208.34
3208.34
3208.34