points
374 103
307 410
288 385
181 21
561 536
72 565
510 366
235 390
311 293
117 173
213 144
49 78
10 417
104 560
133 345
355 322
438 442
554 66
402 496
450 524
561 345
300 226
106 117
255 470
275 313
386 404
403 101
273 75
110 459
577 428
82 540
429 62
124 268
452 338
393 567
403 204
358 59
191 510
11 60
278 256
340 534
90 204
83 119
210 336
316 506
588 128
30 327
18 234
386 515
197 352
281 14
31 134
48 464
242 233
182 544
174 101
305 28
128 588
192 300
355 127
genomes
1 15276.088867 23 26 17 15 8 33 28 46 47 20 49 35 13 24 44 16 19 53 40 52 58 38 43 54 37 6 2 7 12 1 56 0 36 39 29 51 59 25 4 18 41 21 10 27 50 3 22 32 11 57 48 5 42 9 31 45 34 14 55 30
2 14532.808594 4 29 39 27 0 26 31 37 54 48 23 9 51 40 55 22 41 59 21 35 56 45 16 15 18 6 19 44 5 12 1 49 10 52 30 24 13 20 57 14 28 34 11 47 25 36 58 32 8 2 42 38 3 46 33 7 50 43 53 17
3 14448.791016 24 29 39 27 0 26 31 37 54 48 23 9 51 40 55 22 41 59 21 35 56 45 16 15 18 6 19 44 5 12 1 49 43 52 30 4 13 20 57 14 28 34 11 47 25 36 58 32 8 2 42 38 3 46 33 7 50 10 53 17
4 14000.304688 4 29 39 27 0 26 31 34 49 47 25 36 58 32 8 2 42 38 3 28 33 7 37 54 48 23 9 51 40 55 22 41 59 21 35 56 45 16 15 6 18 19 44 5 12 1 11 10 46 30 24 20 13 57 14 52 50 43 53 17
5 13512.234375 11 47 25 36 58 32 20 8 2 42 38 3 46 33 7 37 54 48 23 9 51 40 55 22 41 59 21 35 56 45 16 15 18 6 19 4 29 39 27 0 26 31 34 44 5 12 1 49 10 52 30 24 13 57 14 28 50 43 53 17
6 12770.862305 20 29 39 27 0 26 31 34 49 47 25 36 58 32 8 2 42 38 3 50 33 7 37 54 48 23 9 51 5 55 22 41 59 21 35 56 45 16 15 6 18 19 44 40 12 1 11 10 46 30 24 4 13 57 14 52 28 43 53 17
7 12284.502930 20 29 39 27 0 26 31 34 49 47 25 36 58 32 8 51 42 38 3 50 33 7 37 54 48 23 9 2 1 55 22 41 59 21 35 56 45 16 15 6 18 19 44 40 12 5 11 10 46 30 24 4 13 57 14 52 28 43 53 17
8 12226.766602 20 29 39 27 0 26 31 34 49 47 25 36 58 32 8 51 42 38 3 50 33 7 37 54 48 23 9 2 1 55 22 41 59 21 35 56 45 16 15 13 57 14 52 28 43 53 17 6 18 19 44 40 12 5 11 10 46 30 24 4
9 12079.571289 20 29 39 27 0 26 31 34 49 47 25 36 58 32 30 51 42 38 3 50 33 7 37 4 48 23 9 2 1 55 22 41 59 21 35 56 45 16 15 6 18 19 44 40 12 5 11 10 46 8 24 54 13 57 14 52 28 43 53 17
10 12014.386719 20 29 39 27 0 26 31 34 49 47 25 36 58 32 30 51 42 38 3 50 33 7 37 4 48 23 9 2 1 55 22 41 59 21 35 56 11 10 46 8 24 54 13 57 14 45 16 15 6 18 19 44 40 12 5 52 28 43 53 17
11 11506.236328 20 29 33 27 0 26 31 34 49 47 11 10 46 9 51 5 30 25 36 58 32 8 42 38 3 50 39 14 37 54 48 23 2 53 55 22 41 59 21 35 56 45 16 15 6 18 19 44 40 12 1 24 4 13 57 7 52 28 43 17
14 11451.701172 20 29 33 27 0 26 31 34 49 47 11 10 46 9 51 5 30 25 36 58 32 8 42 38 3 50 56 14 37 54 48 23 2 53 55 22 41 59 21 35 39 45 16 15 6 18 19 44 40 12 1 24 4 13 57 7 52 28 43 17
15 11148.476563 20 29 33 27 0 26 31 34 49 47 11 10 46 9 51 5 30 25 36 8 42 38 3 50 39 14 37 54 48 23 40 53 55 22 41 59 21 35 56 45 16 15 6 18 19 44 2 7 58 4 13 57 12 52 28 43 32 1 24 17
16 11100.272461 20 29 33 27 0 26 31 34 49 47 11 10 46 9 51 5 30 25 36 8 42 38 3 50 39 15 6 18 19 44 2 7 58 4 13 57 12 52 28 43 32 1 24 14 37 54 48 23 40 53 55 22 41 59 21 35 56 45 16 17
17 10799.419922 20 29 33 27 0 26 31 14 49 47 11 10 46 9 51 5 30 25 36 8 42 38 3 50 39 15 6 18 19 44 2 7 58 4 34 57 12 52 28 43 32 1 24 13 37 54 48 23 40 53 55 22 41 59 21 35 56 45 16 17
18 10510.931641 20 29 33 27 0 26 31 14 49 47 11 10 46 9 51 5 30 25 17 36 8 42 38 3 50 39 15 6 18 19 44 2 7 58 4 34 57 12 52 28 43 32 1 24 13 37 54 48 23 40 53 55 22 41 59 21 35 56 45 16
20 10332.568359 20 29 49 27 0 26 31 34 44 2 7 33 4 13 57 12 52 28 43 32 58 47 11 10 46 9 51 5 30 25 35 8 42 38 3 50 59 53 6 18 19 1 24 14 37 54 48 23 40 15 55 22 41 39 21 36 56 16 45 17
21 10236.488281 20 29 49 5 30 25 35 27 0 26 31 34 44 2 7 33 4 13 57 12 52 28 43 32 58 47 11 10 46 9 51 8 42 38 3 50 59 53 6 18 19 1 24 14 37 54 48 23 40 15 55 22 41 39 21 36 56 16 45 17
22 10164.669922 20 29 49 5 30 25 35 27 0 26 31 34 44 2 7 33 4 13 57 12 52 28 43 32 58 47 11 10 46 9 51 8 42 38 3 50 59 53 6 18 19 48 24 14 37 54 1 23 40 15 55 22 41 39 21 36 56 16 45 17
23 10069.728516 20 29 15 27 0 26 31 34 44 2 7 33 4 13 57 12 52 28 43 32 58 47 11 10 46 9 51 5 30 25 35 8 53 42 38 3 50 59 6 18 19 49 24 14 37 54 48 23 40 1 55 22 41 39 21 36 56 16 45 17
24 9975.559570 20 29 49 5 30 13 35 27 0 26 31 25 57 12 52 28 43 32 58 47 11 10 46 9 51 8 42 38 3 50 59 53 6 18 19 1 24 14 37 54 48 23 34 44 2 16 7 33 4 40 15 55 22 41 39 21 36 56 45 17
25 9841.092773 20 29 49 5 30 13 35 27 0 26 31 25 57 12 52 28 43 32 58 47 11 10 46 9 51 8 42 38 3 50 59 53 6 18 19 1 24 14 37 54 40 48 23 34 44 2 16 7 33 4 15 55 22 41 39 21 36 56 45 17
26 9290.625977 20 29 49 5 30 13 35 27 0 26 31 25 57 12 52 28 43 32 58 47 11 10 46 9 51 42 38 3 50 59 53 8 6 18 19 1 24 14 37 54 40 48 23 34 44 2 16 7 33 4 15 55 22 41 39 21 36 56 45 17
27 9173.426758 20 29 49 5 30 13 35 26 0 27 31 25 57 12 52 28 43 32 58 47 11 10 46 9 51 42 38 3 50 59 53 8 6 18 19 1 24 14 37 54 40 48 23 34 44 16 2 7 33 4 15 41 22 55 39 21 36 56 45 17
28 9012.546875 20 29 49 5 30 13 35 26 0 27 31 25 57 12 52 28 43 32 58 47 11 10 46 9 51 42 38 3 50 59 53 8 6 18 19 1 24 14 37 54 40 48 23 34 44 4 16 2 7 33 15 41 22 55 39 21 36 56 45 17
32 8805.104492 20 29 49 5 30 13 21 36 56 35 26 0 27 31 25 57 12 52 28 43 32 58 47 41 22 55 11 10 46 9 51 42 38 3 50 59 53 8 6 18 19 1 24 14 37 54 40 48 23 34 44 4 16 2 7 33 15 39 45 17
36 8800.358398 20 29 49 5 30 13 21 36 56 35 26 0 27 31 25 57 12 52 28 43 32 58 47 41 51 22 55 11 10 46 9 42 38 3 50 59 53 8 6 18 19 1 24 14 37 54 40 48 23 34 44 4 16 2 7 33 15 39 45 17
37 8692.999023 20 29 49 5 30 13 21 36 56 35 26 0 27 31 25 57 12 52 28 43 32 58 9 41 22 55 11 10 46 47 51 42 38 3 50 59 53 8 23 34 6 18 19 1 24 14 37 54 40 48 44 4 16 2 7 33 15 39 45 17
38 8680.126953 20 29 49 5 30 13 21 36 56 35 26 0 27 31 25 57 12 52 28 43 32 58 47 41 55 22 11 10 46 9 51 42 38 3 50 59 53 2 7 33 8 24 14 37 54 40 48 23 34 44 4 16 6 18 19 1 15 39 45 17
39 8666.205078 20 29 49 5 30 13 21 36 31 35 26 0 27 56 25 57 12 52 28 43 32 58 47 41 22 55 11 10 46 9 51 42 38 3 50 59 53 8 6 18 19 1 24 14 37 54 40 48 4 16 2 23 44 34 7 33 15 39 45 17
40 8509.111328 20 29 49 5 30 13 7 2 48 34 44 23 21 36 31 35 26 0 27 56 25 57 12 52 28 43 32 41 47 58 22 55 11 10 46 9 51 42 38 3 50 59 53 8 6 18 19 1 24 14 37 54 40 4 16 33 15 39 45 17
41 8476.052734 20 29 49 23 5 30 13 21 36 56 35 26 0 27 31 25 57 12 52 28 43 32 58 47 41 22 55 11 10 9 51 42 38 3 50 59 53 8 6 18 19 4 48 34 44 40 16 1 24 14 37 54 46 2 7 33 15 39 45 17
42 8463.599609 20 29 49 5 30 13 21 36 27 56 35 26 0 31 7 57 54 52 28 43 32 58 47 41 22 55 11 10 1 24 14 37 12 46 9 51 42 38 3 50 59 53 8 6 18 19 4 48 23 34 44 40 16 2 25 33 15 39 45 17
45 8262.605469 20 29 49 23 5 30 13 21 36 56 35 26 0 27 31 25 57 12 52 28 43 32 46 47 41 22 55 11 10 9 51 42 38 3 50 59 53 8 6 18 19 4 48 34 44 40 16 1 24 14 37 54 58 2 7 33 15 39 45 17
46 8238.533203 20 29 49 23 5 30 13 21 36 27 35 26 0 56 31 25 57 12 52 28 43 32 46 47 41 22 55 11 10 9 51 42 38 3 50 59 53 8 6 18 19 4 48 34 44 40 16 1 24 14 37 54 58 2 7 33 15 39 45 17
48 8236.865234 20 29 53 21 36 56 26 35 0 27 31 6 57 12 52 28 43 32 58 47 41 22 55 11 10 9 51 42 38 3 50 59 33 8 25 18 19 4 48 34 44 40 16 1 24 14 37 54 46 23 5 30 13 2 7 49 15 39 45 17
49 8209.696289 20 29 49 23 5 30 13 21 36 56 35 26 0 27 31 25 57 12 52 28 43 32 46 47 41 22 55 11 10 9 51 42 38 3 50 59 53 8 6 18 19 4 34 44 40 48 16 1 24 14 37 54 58 2 7 33 15 39 45 17
50 8186.976563 20 29 49 23 5 13 58 21 36 27 35 26 0 56 31 15 39 8 57 12 52 28 7 32 46 47 41 22 55 11 10 9 51 42 38 3 50 59 53 25 6 18 19 4 48 34 44 40 16 1 24 14 37 54 30 2 43 33 45 17
51 8098.385742 20 29 49 23 5 30 13 28 43 32 21 36 27 35 26 0 56 31 25 57 12 52 46 47 41 22 55 11 10 9 51 42 38 3 50 59 53 8 6 18 19 4 48 34 44 40 16 1 24 14 37 54 58 2 7 33 15 39 45 17
53 7951.740723 20 29 49 23 7 5 30 13 37 54 21 36 27 35 26 0 56 31 25 57 12 52 28 43 32 46 47 41 22 55 11 10 9 51 42 38 3 50 59 53 8 6 18 19 4 48 34 16 40 44 1 24 14 58 2 33 15 39 45 17
55 7896.425781 20 29 6 23 5 30 13 39 21 36 56 35 26 0 27 31 33 25 57 12 52 28 43 32 58 47 41 22 55 11 10 9 51 42 38 3 50 59 53 8 49 18 19 4 48 34 44 40 16 1 24 46 14 37 54 2 7 15 45 17
58 7819.782715 20 29 53 21 36 26 31 0 56 27 35 6 57 12 52 28 43 32 46 47 41 22 55 11 10 9 51 42 38 3 50 59 33 8 25 18 19 4 48 34 44 40 16 1 24 14 37 54 58 23 5 30 13 2 7 49 15 39 45 17
59 7805.323730 20 29 48 34 44 40 18 19 16 1 24 14 37 54 57 12 52 58 2 7 33 15 39 45 17 26 49 23 5 30 13 21 36 56 0 27 31 59 53 8 25 28 43 32 46 47 41 22 55 11 38 9 51 42 10 3 50 35 6 4
64 7787.879395 20 29 49 23 28 5 30 13 37 54 21 36 27 59 0 56 31 26 25 57 12 52 7 43 32 46 47 41 22 55 11 10 9 51 42 38 3 50 35 6 18 19 4 48 34 16 40 44 1 24 39 8 14 58 2 33 15 53 45 17
65 7761.479980 20 29 6 23 5 30 13 39 21 36 56 35 26 0 27 31 33 25 44 57 12 52 28 43 32 58 47 41 22 55 11 10 9 51 42 38 3 50 59 53 8 49 18 19 4 48 34 40 16 1 24 46 14 37 54 7 2 15 45 17
67 7714.189941 20 29 49 23 7 24 33 15 39 58 5 30 13 37 54 21 27 35 36 26 0 56 31 25 57 12 52 28 43 32 14 46 47 41 38 11 55 10 9 51 42 22 3 50 59 53 8 6 18 19 4 48 34 16 40 44 1 2 45 17
68 7652.875977 20 29 49 23 7 5 30 13 37 54 21 36 27 35 26 0 56 31 25 57 12 52 28 43 32 46 47 41 10 55 11 22 9 51 42 38 3 50 59 53 8 6 18 19 4 16 34 48 40 44 1 24 15 39 14 58 2 33 45 17
70 7624.082520 20 29 6 4 48 34 40 1 24 46 14 37 23 5 30 13 39 21 36 56 35 26 0 27 31 33 25 44 57 12 52 28 43 49 32 58 47 41 22 55 11 10 9 51 42 38 3 50 59 53 8 16 18 19 54 7 2 15 45 17
71 7574.695313 20 29 49 23 28 5 30 13 37 54 21 36 27 59 0 56 31 26 33 25 57 12 52 7 43 32 46 47 41 22 55 11 10 9 51 42 38 3 50 35 6 18 19 4 48 34 16 40 44 1 24 39 8 14 58 2 15 53 17 45
72 7542.470215 20 29 49 23 7 5 30 13 37 54 25 57 12 52 28 43 32 46 47 41 22 55 11 10 9 51 42 38 3 50 59 21 36 27 35 26 0 56 31 53 8 6 18 19 4 16 34 48 40 44 1 24 15 39 14 58 2 33 45 17
74 7445.513184 20 29 19 4 16 34 48 40 44 1 24 49 23 7 5 30 13 37 54 25 57 12 52 28 43 32 46 47 41 22 55 11 10 9 51 42 38 3 50 59 21 36 27 35 26 0 56 31 53 8 6 18 15 39 14 58 2 33 45 17
77 7403.916992 20 29 49 23 7 5 30 13 37 54 25 57 12 52 28 43 32 46 47 41 22 38 11 10 9 51 42 55 3 50 59 21 36 27 35 26 0 56 31 53 8 6 18 19 4 16 34 48 40 44 1 24 15 39 14 58 2 33 45 17
79 7393.626465 20 29 25 57 12 49 23 7 5 30 13 37 54 52 28 43 32 46 47 41 22 55 11 10 9 51 42 38 3 50 59 21 36 27 35 26 0 56 31 53 8 6 18 19 4 16 34 48 40 44 1 24 15 39 14 58 2 33 45 17
81 7348.846680 20 29 49 23 28 5 30 13 37 54 21 36 27 59 0 56 31 26 33 25 57 12 52 7 43 32 46 47 41 9 55 42 10 22 51 11 38 3 50 35 6 18 19 4 48 34 16 40 44 1 14 58 2 24 39 8 15 53 17 45
82 7262.669922 20 29 18 19 4 16 34 48 40 44 1 24 49 23 7 25 57 12 5 30 13 37 54 52 28 43 32 46 47 41 22 55 11 10 9 51 42 38 3 50 59 21 36 27 35 26 0 56 31 53 8 6 15 39 14 58 2 33 45 17
84 7036.684570 20 29 19 4 16 34 48 40 37 54 25 44 1 24 49 23 7 5 30 13 57 28 52 12 43 32 46 47 41 22 55 11 10 9 51 42 38 3 50 59 31 36 27 35 26 0 56 21 53 8 6 18 15 39 14 58 2 33 45 17
91 6905.452148 20 29 19 4 16 34 48 40 37 54 25 44 15 24 49 23 7 5 30 13 57 28 52 12 14 32 46 47 41 22 55 11 10 9 51 42 38 3 50 59 31 36 27 35 26 0 56 21 53 8 6 18 1 39 43 58 2 33 45 17
92 6882.987793 20 29 19 4 16 34 48 40 37 54 25 44 1 24 49 23 7 15 39 14 58 2 5 30 13 57 28 52 12 43 53 32 46 47 41 22 55 10 9 51 11 42 38 3 50 59 31 36 27 35 26 0 56 21 8 6 18 33 45 17
96 6696.893555 20 29 19 4 16 34 48 40 37 54 44 25 15 24 49 23 7 5 30 13 57 28 52 12 14 32 46 47 41 22 55 11 10 9 51 42 38 3 50 59 31 36 27 35 26 0 56 21 53 8 6 18 1 39 43 58 2 33 45 17
97 6651.563965 20 29 19 4 16 34 48 40 37 54 44 25 15 24 49 23 7 5 30 13 57 28 52 12 14 32 46 47 41 22 55 11 10 9 51 42 38 3 50 59 31 36 27 35 26 0 56 21 53 8 39 6 18 1 43 58 2 33 45 17
98 6578.276855 20 29 19 4 16 34 48 40 37 54 44 25 15 24 49 23 7 5 30 13 57 28 52 12 14 32 46 47 41 22 55 11 10 9 51 42 38 3 50 31 36 27 59 35 26 0 56 21 53 8 39 6 18 1 43 58 2 33 45 17
105 6484.768555 20 29 19 4 16 34 48 40 37 54 44 25 15 24 49 23 7 5 30 13 57 28 52 12 14 32 46 47 41 22 55 11 10 9 51 42 38 3 50 31 36 27 59 35 26 0 56 21 53 39 8 6 18 1 43 58 2 33 45 17
111 6422.619629 20 29 19 4 16 34 48 40 37 54 44 25 15 24 49 23 7 5 30 13 57 28 52 12 14 32 46 47 41 22 55 11 10 9 51 42 38 3 50 56 31 36 27 59 35 26 0 21 53 8 39 6 18 1 43 58 2 33 45 17
114 6421.765137 20 29 19 4 6 18 44 34 48 40 37 54 25 16 15 24 43 58 2 49 23 7 30 5 13 57 28 52 12 14 32 46 47 41 22 55 3 10 9 51 42 38 11 50 59 31 36 27 35 26 0 56 39 21 53 8 1 33 45 17
115 6411.963379 20 29 19 4 16 34 48 40 37 54 44 25 15 24 49 23 7 5 30 13 57 28 52 12 14 32 46 47 41 22 55 9 10 42 51 11 38 3 50 31 36 27 59 35 26 0 56 21 53 8 39 6 18 1 43 58 2 33 45 17
116 6367.490234 20 29 19 4 16 6 34 48 40 37 54 44 18 1 25 15 24 49 23 7 5 30 13 57 28 52 12 14 32 46 47 41 22 55 9 10 11 51 42 38 3 50 31 36 0 27 59 35 26 56 21 53 8 39 43 58 2 33 45 17
119 6228.232422 20 29 19 4 6 44 34 18 48 40 37 54 30 5 13 57 28 52 12 14 32 46 47 41 22 55 3 10 9 51 42 38 11 50 59 31 36 27 35 26 0 56 39 21 53 8 1 25 16 15 24 43 58 2 49 23 7 33 45 17
128 6189.276367 20 29 19 4 6 44 34 18 48 40 37 54 30 5 13 57 28 52 12 14 49 32 46 47 41 22 55 3 10 9 51 42 38 11 50 59 31 36 27 35 26 0 56 39 21 53 8 1 25 16 15 24 43 58 2 23 7 33 45 17
136 6175.009766 20 29 19 4 6 23 44 34 18 48 40 37 54 30 5 13 57 28 52 12 14 32 46 47 41 22 55 3 10 9 51 42 38 11 50 59 31 36 27 35 26 0 56 39 21 53 8 1 25 16 15 24 43 58 2 49 7 33 45 17
138 6124.888184 20 29 19 4 6 25 16 15 24 43 58 2 23 7 44 34 18 48 40 37 54 30 5 13 57 28 52 12 14 49 32 46 47 41 3 55 10 22 9 51 42 38 11 50 59 31 36 27 35 26 0 56 39 21 53 8 1 33 45 17
148 6083.987305 20 29 19 4 6 1 25 16 15 24 43 58 23 44 34 18 48 40 37 54 30 5 13 57 28 52 12 14 32 46 47 41 22 55 3 10 9 51 42 38 11 50 26 31 36 27 59 0 56 39 21 53 8 2 49 7 35 33 45 17
153 5959.989258 20 29 19 4 6 23 44 34 18 48 40 37 54 30 5 13 57 28 52 12 14 32 46 47 41 22 55 3 10 9 51 42 38 11 50 59 31 36 27 35 26 0 56 39 21 53 8 24 43 58 49 7 1 25 16 15 2 33 45 17
154 5909.703613 20 29 19 4 6 33 1 25 16 15 24 43 58 23 44 34 18 48 40 37 54 30 5 13 57 28 52 12 14 32 46 47 41 22 55 3 10 9 51 42 38 11 50 26 31 36 27 59 0 56 39 21 53 8 2 49 7 35 45 17
156 5896.672852 20 29 19 4 6 23 44 34 18 48 40 37 54 30 5 13 57 28 52 12 14 46 32 47 41 22 55 3 10 9 51 42 38 11 50 59 31 36 27 35 26 0 56 39 21 53 8 24 15 2 43 58 49 7 1 25 16 33 45 17
160 5873.116211 20 29 19 4 6 23 44 34 18 48 40 37 54 57 5 13 30 28 52 12 14 32 46 47 41 22 55 3 10 9 51 42 38 11 50 31 36 27 35 26 0 59 56 39 21 53 8 24 43 58 49 7 1 25 16 15 2 33 45 17
163 5826.324707 20 29 19 4 6 23 44 34 18 48 40 37 54 57 5 13 30 28 52 12 14 32 46 47 41 22 55 3 27 10 9 51 42 38 11 50 31 36 35 26 0 59 56 39 21 53 8 24 43 58 49 7 1 25 16 15 2 33 45 17
168 5750.823730 20 29 19 4 6 33 1 25 16 15 24 43 58 2 49 7 23 44 34 18 48 40 37 54 30 5 13 57 28 52 12 14 32 46 47 41 22 55 3 10 9 51 42 38 11 50 26 31 36 27 59 0 56 8 39 21 53 35 45 17
175 5711.546875 20 29 19 4 6 40 44 34 18 48 23 37 54 57 5 13 30 28 52 12 14 32 46 47 41 22 55 3 27 10 9 51 42 38 11 50 31 36 35 26 0 59 56 39 21 53 8 24 43 58 49 7 1 25 16 2 15 33 45 17
178 5637.681152 20 29 19 4 6 40 44 34 18 48 23 37 54 57 5 13 30 28 52 12 14 32 46 47 41 22 55 3 27 10 9 51 42 38 11 50 36 31 35 26 0 59 56 39 21 53 8 24 43 58 49 7 1 25 16 2 15 33 45 17
182 5592.470703 20 29 19 4 6 16 2 40 44 34 18 48 23 37 54 57 5 13 30 28 52 12 14 32 46 47 41 22 55 3 27 10 9 51 42 38 11 50 36 31 35 26 0 59 56 39 21 53 8 24 43 58 49 7 1 25 15 33 45 17
187 5535.422363 20 29 19 4 6 16 40 44 34 18 48 23 37 54 57 5 13 30 28 52 12 14 32 46 47 41 22 55 3 27 10 9 51 42 38 11 50 36 31 35 26 0 59 56 39 21 53 8 2 24 43 58 49 7 1 25 15 33 45 17
199 5511.560059 20 29 19 4 6 16 25 2 40 44 34 18 48 23 37 54 57 5 13 30 28 52 12 14 32 46 47 41 22 55 3 27 10 9 51 42 38 11 50 36 31 35 26 0 59 56 39 53 21 8 24 43 58 49 7 1 15 33 45 17
205 5418.804199 20 29 19 4 16 2 40 44 34 18 48 23 37 54 57 5 13 30 28 52 12 14 32 46 47 41 22 55 3 27 10 9 51 42 38 11 50 36 31 56 26 0 59 35 39 21 53 8 24 43 58 49 7 1 25 15 33 6 45 17
212 5296.758301 20 29 19 4 16 2 40 44 34 18 48 23 37 54 57 5 13 30 28 52 12 14 32 46 47 41 22 55 3 27 10 9 51 42 38 11 50 56 31 36 26 0 59 35 39 21 53 8 24 43 58 49 7 1 25 15 33 6 45 17
222 5293.028809 20 29 19 4 16 48 40 44 34 18 2 23 37 54 57 5 13 30 28 52 12 14 32 46 47 41 22 55 3 27 10 9 51 38 11 42 50 36 31 56 26 0 59 35 39 21 53 8 24 43 58 49 7 1 25 15 33 6 45 17
239 5194.093750 20 29 4 19 16 40 44 34 18 48 23 37 54 57 5 13 30 28 52 12 14 32 46 47 41 22 55 3 27 10 9 51 42 38 11 50 36 31 56 26 0 59 35 39 21 8 53 24 49 58 43 7 2 1 25 15 33 6 17 45
244 5190.842773 20 29 4 19 16 2 40 44 34 18 48 23 37 54 57 5 13 30 28 52 12 14 32 46 47 41 22 55 3 27 10 9 51 42 38 11 50 56 31 36 26 0 59 35 39 21 53 8 24 43 58 49 7 1 15 25 33 6 45 17
256 5185.880859 20 29 19 4 16 2 24 43 58 49 7 1 40 44 34 18 48 23 37 54 57 5 13 30 28 52 12 14 32 46 47 41 22 55 3 27 10 9 51 42 38 11 50 56 36 31 26 0 59 35 39 21 53 8 15 25 33 6 45 17
261 5177.549805 20 29 19 4 16 2 24 43 58 49 7 1 40 44 34 48 18 23 37 54 57 5 13 30 28 52 12 14 32 46 47 41 22 55 3 27 10 9 51 42 38 11 50 56 36 31 26 0 59 35 39 21 53 8 15 25 33 6 45 17
262 5106.954102 20 29 19 4 16 25 2 24 43 58 49 7 1 40 44 34 18 48 23 37 54 57 5 13 30 28 52 12 14 32 46 47 41 22 55 3 27 10 9 51 42 38 11 50 56 36 31 26 0 59 35 39 21 53 8 15 33 6 45 17
270 5100.355957 20 29 19 4 16 25 2 24 43 58 49 7 1 40 44 34 18 48 23 37 54 57 5 13 30 28 52 12 14 32 46 47 41 22 55 3 27 10 9 51 42 11 38 50 56 36 31 26 0 59 35 39 21 53 8 15 33 6 45 17
277 4990.052246 20 29 4 19 16 25 2 24 43 58 49 7 1 40 44 34 18 48 23 37 54 13 57 5 30 28 52 12 14 32 46 47 41 22 55 3 27 10 9 51 42 11 38 50 56 36 31 26 0 59 35 39 21 53 8 15 33 6 45 17
294 4906.170898 20 29 4 19 16 25 2 24 43 58 49 7 1 40 44 34 18 48 23 37 54 57 13 5 30 28 52 12 14 32 46 47 41 22 55 3 27 10 9 51 42 11 38 50 56 36 31 26 0 59 35 21 39 53 8 15 33 6 45 17
333 4847.797852 0 59 35 8 21 53 39 15 33 6 20 29 4 19 16 25 2 24 43 58 49 7 1 40 44 34 18 48 23 37 54 13 57 5 30 28 52 12 14 32 46 47 41 9 55 3 27 10 22 51 42 11 38 50 56 36 31 26 45 17
339 4840.257813 31 26 0 59 35 15 21 53 39 8 33 6 20 29 4 19 16 25 2 24 43 58 49 7 1 40 44 34 18 48 23 37 54 13 57 5 30 28 52 12 14 32 46 47 41 9 55 3 27 10 22 51 42 11 38 50 56 36 45 17
344 4819.261719 26 0 59 35 8 21 53 39 15 33 6 20 29 4 19 16 25 2 24 43 58 49 7 1 40 44 34 18 48 23 37 54 13 57 5 30 28 52 12 14 32 46 47 41 22 55 3 27 10 9 51 42 11 38 50 56 36 31 45 17
350 4808.394531 26 0 59 35 8 21 53 39 15 33 6 20 29 4 19 16 25 2 24 43 58 49 7 1 40 44 34 18 48 23 37 54 13 57 5 30 28 52 12 14 32 46 47 51 22 55 3 27 10 9 41 42 11 38 50 56 36 31 45 17
353 4804.128418 26 0 59 35 8 21 53 39 15 33 6 20 29 4 19 16 25 2 24 43 58 49 7 1 40 44 34 18 48 23 37 54 13 57 5 30 28 52 12 14 32 46 47 41 22 55 3 27 10 9 51 42 11 38 50 56 36 31 17 45
362 4751.566406 26 0 59 35 8 21 53 39 15 33 6 20 29 4 19 16 25 2 24 43 58 49 7 1 44 40 34 18 48 23 37 54 13 57 5 30 28 52 12 14 32 46 47 41 22 55 3 27 10 9 51 42 11 38 50 56 36 31 45 17
389 4743.851563 26 0 59 35 8 39 53 21 15 33 6 20 29 4 19 16 25 2 24 43 58 49 7 1 44 48 34 18 40 23 37 54 57 13 5 30 28 52 12 14 32 46 47 41 22 55 3 27 10 9 51 42 11 38 50 56 36 31 45 17
402 4671.047363 8 21 53 39 15 33 6 20 29 4 19 16 25 2 24 58 43 49 7 1 18 48 34 40 44 23 37 54 13 57 5 30 28 52 12 14 32 46 47 41 22 55 3 10 9 42 51 11 38 27 50 56 36 31 26 0 59 17 45 35
441 4661.952637 8 39 53 21 15 33 6 20 29 4 19 16 25 2 24 58 43 49 7 1 18 48 34 40 44 23 37 54 13 57 5 30 28 52 12 14 32 46 47 41 22 55 3 10 9 42 51 11 38 27 50 56 36 31 26 0 59 17 45 35
448 4632.928711 8 21 53 39 15 33 6 20 29 4 19 16 25 2 24 58 43 49 7 1 18 48 34 40 44 23 37 54 57 13 5 30 28 52 12 14 32 46 47 41 22 55 3 10 9 42 51 11 38 27 50 56 36 31 26 0 59 17 45 35
454 4555.062988 8 21 53 39 15 33 6 20 29 4 19 16 25 2 24 58 43 49 7 1 18 48 34 40 44 23 37 54 13 57 5 30 28 52 12 14 32 46 47 41 22 9 42 51 11 38 55 3 10 27 50 56 36 31 26 0 59 17 45 35
475 4466.988770 8 21 53 39 15 33 6 20 29 4 19 16 25 2 24 58 43 49 7 1 18 48 34 40 44 23 37 54 13 57 5 30 28 52 12 14 32 46 47 41 9 22 42 51 11 38 55 3 10 27 50 56 36 31 26 0 59 17 45 35
496 4461.101074 8 21 53 39 15 33 6 20 29 4 19 16 25 2 24 58 43 49 7 1 18 48 34 40 44 23 37 54 13 57 5 30 28 52 12 14 32 46 47 41 9 22 42 51 11 38 55 3 10 27 50 56 36 31 0 59 26 17 45 35
510 4428.869629 8 21 53 39 15 33 6 20 29 4 19 16 25 2 24 58 43 49 7 1 18 48 34 40 44 23 37 54 57 13 5 30 28 52 12 14 32 46 47 41 9 22 42 51 11 38 55 3 10 27 50 56 36 31 26 0 59 17 45 35
513 4371.384277 21 53 39 8 15 33 6 20 29 4 19 16 25 2 24 58 43 49 7 1 18 48 34 40 44 23 37 54 13 57 5 30 28 52 12 14 32 46 47 41 9 22 42 51 11 38 55 3 10 27 50 56 36 31 0 59 26 17 45 35
533 4364.368652 21 53 39 8 15 33 6 20 29 4 19 16 25 2 24 58 43 49 7 1 18 48 34 40 44 23 37 54 13 57 5 30 28 52 12 14 32 46 47 41 9 22 42 51 11 38 55 10 3 27 50 56 36 31 0 59 26 17 45 35
576 4342.431152 21 53 39 8 15 33 6 20 29 4 19 16 25 2 24 58 43 49 7 1 18 48 34 40 44 23 37 54 13 57 5 30 28 52 12 14 32 46 47 41 9 22 42 11 51 38 3 55 10 27 50 56 36 31 0 59 26 17 45 35
595 4319.429199 21 39 53 8 15 33 6 20 29 4 19 16 25 2 24 58 43 49 7 1 18 48 34 40 44 23 37 54 57 13 5 30 28 52 12 14 32 46 47 41 9 22 42 51 11 38 55 3 10 27 50 56 36 59 26 0 31 17 45 35
620 4296.283203 21 39 53 8 15 33 6 20 29 4 19 16 25 2 24 58 43 49 7 1 18 48 34 40 44 23 37 54 57 13 5 30 28 52 12 14 32 46 47 41 9 22 42 51 38 11 55 3 10 27 50 56 36 59 26 0 31 17 45 35
630 4294.856445 21 53 39 8 15 33 6 20 29 4 19 16 25 2 24 58 43 49 7 1 18 48 34 40 44 23 37 54 13 57 5 30 28 52 12 14 32 46 47 41 9 22 42 51 38 11 55 10 3 27 50 56 36 31 17 45 26 0 59 35
643 4274.481934 21 39 53 8 15 33 6 20 29 4 19 16 25 2 24 58 49 43 7 1 18 48 34 40 44 23 37 54 57 13 5 30 28 52 12 14 32 46 47 41 9 22 42 51 11 38 3 55 10 27 50 56 36 59 26 0 31 17 45 35
688 4228.774902 21 39 53 8 15 33 6 20 29 4 19 16 25 2 24 58 49 43 7 1 18 48 34 40 44 23 37 54 57 13 5 30 28 52 12 14 32 46 47 41 9 22 42 51 11 38 3 55 10 27 50 56 36 59 0 26 31 17 45 35
726 4215.291016 21 39 53 8 15 33 6 20 29 4 19 16 25 2 24 58 43 49 7 1 18 48 34 40 44 23 37 54 57 13 5 30 28 52 12 14 32 46 47 41 9 22 42 51 11 38 3 55 10 27 50 56 36 0 59 26 31 17 45 35
774 4209.229492 21 39 53 8 15 33 6 20 29 4 19 16 25 24 58 49 43 7 2 1 18 48 34 40 44 23 37 54 57 13 5 30 28 52 12 14 32 46 47 41 9 22 42 51 11 38 3 55 10 27 50 56 36 59 0 26 31 17 45 35
820 4208.133301 21 53 39 8 15 33 6 20 29 4 19 16 25 2 24 58 49 43 7 1 18 48 34 40 44 23 37 54 57 13 5 30 28 52 12 14 32 46 47 41 9 22 42 51 11 38 3 55 10 27 50 56 36 59 0 26 31 17 45 35
838 4201.321289 21 39 53 8 15 33 6 20 29 4 19 16 25 24 58 49 14 32 43 7 2 1 18 48 34 40 44 23 37 54 57 13 5 30 28 52 12 46 47 41 9 22 42 51 11 38 3 55 10 27 50 56 36 59 0 26 31 17 45 35
840 4188.587891 21 53 39 8 15 33 6 20 29 4 19 16 25 24 58 49 43 7 2 1 18 48 34 40 44 23 37 54 57 13 5 30 28 52 12 14 32 46 47 41 9 22 42 51 11 38 3 55 10 27 50 56 36 59 0 26 31 17 45 35
859 4181.169922 21 39 53 8 15 33 6 20 29 4 19 16 25 24 58 14 32 49 43 7 2 1 18 48 34 40 44 23 37 54 57 13 5 30 28 52 12 46 47 41 9 22 42 51 11 38 3 55 10 27 50 56 36 59 0 26 31 17 45 35
971 4175.104004 21 53 39 8 15 33 6 20 29 4 19 16 25 24 58 43 49 7 2 1 18 48 34 40 44 23 37 54 57 13 5 30 28 52 12 14 32 46 47 41 9 22 42 51 11 38 3 55 10 27 50 56 36 0 59 26 31 17 45 35
989 4170.831055 21 53 39 8 15 33 6 20 29 4 19 16 25 24 58 43 49 7 2 1 18 48 34 40 44 23 37 54 57 13 5 30 28 52 12 14 32 46 47 41 9 22 42 51 11 38 3 55 10 27 50 56 36 59 0 26 31 17 45 35
1039 4158.028809 21 53 39 8 15 33 6 20 29 4 19 16 25 24 58 43 49 7 2 1 18 48 34 40 44 23 37 54 57 13 5 30 28 52 12 14 32 46 47 41 9 22 42 51 38 11 3 55 10 27 50 56 36 59 0 26 31 17 45 35
1103 4135.213867 38 3 55 10 27 50 56 36 59 0 26 31 17 45 35 21 39 53 8 15 33 6 20 29 4 19 16 25 24 58 32 14 49 43 7 2 1 18 48 34 40 44 23 37 54 57 13 5 30 28 52 12 46 47 41 9 22 42 51 11
1188 4118.828125 21 53 39 8 15 33 6 20 29 4 19 16 25 24 58 43 49 7 2 1 18 48 34 40 44 23 37 54 57 13 5 30 28 52 12 46 14 32 47 41 9 22 42 51 38 11 3 55 10 27 50 56 36 59 0 26 31 17 45 35
1242 4114.572266 38 3 55 10 27 50 56 36 59 0 26 31 17 45 35 21 53 39 8 15 33 6 20 29 4 19 16 25 24 58 32 14 49 43 7 2 1 18 48 34 40 44 23 37 54 57 13 5 30 28 52 12 46 47 41 9 22 42 51 11
1274 4109.731934 38 3 55 10 27 50 56 36 0 59 26 31 17 45 35 21 53 39 8 15 33 6 20 29 4 19 18 48 34 40 44 16 25 24 58 32 14 49 43 7 2 1 23 37 54 57 13 5 30 28 52 12 46 47 41 9 22 42 51 11
1291 4101.770996 11 3 55 10 27 50 56 36 59 0 26 31 17 45 35 21 53 39 8 15 33 6 20 29 4 19 16 25 24 58 32 14 49 43 7 2 1 18 48 34 40 44 23 37 54 57 13 5 30 28 52 12 46 47 41 9 22 42 51 38
1404 4096.930664 38 11 3 55 10 27 50 56 36 0 59 26 31 17 45 35 21 53 39 8 15 33 6 20 29 4 19 18 48 34 40 44 16 25 24 58 32 14 49 43 7 2 1 23 37 54 57 13 5 30 28 52 12 46 47 41 9 22 42 51
1486 4094.478271 38 3 55 10 27 50 56 36 0 59 26 31 17 45 35 21 53 39 8 24 58 32 14 49 43 7 2 15 33 6 20 29 4 19 18 48 34 40 44 16 25 1 23 37 54 57 13 5 30 28 52 12 46 47 41 9 22 42 51 11
1533 4090.204834 38 3 55 10 27 50 56 36 59 0 26 31 17 45 35 21 53 39 8 24 58 32 14 49 43 7 2 15 33 6 20 29 4 19 18 48 34 40 44 16 25 1 23 37 54 57 13 5 30 28 52 12 46 47 41 9 22 42 51 11
1566 4081.676270 11 3 55 10 27 50 56 36 0 59 26 31 17 45 35 21 53 39 8 24 58 32 14 49 43 7 2 15 33 6 20 29 4 19 18 48 34 40 44 16 25 1 23 37 54 57 13 5 30 28 52 12 46 47 41 9 22 42 51 38
1576 4012.198242 11 3 55 10 27 50 56 36 59 0 26 31 17 45 35 21 53 39 8 24 58 32 14 49 43 7 2 1 15 33 6 20 29 4 19 16 25 18 48 34 40 44 23 37 54 57 13 5 30 28 52 12 46 47 41 9 22 42 51 38
1760 4012.197998 3 55 10 27 50 56 36 59 0 26 31 17 45 35 21 53 39 8 24 58 32 14 49 43 7 2 1 15 33 6 20 29 4 19 16 25 18 48 34 40 44 23 37 54 57 13 5 30 28 52 12 46 47 41 9 22 42 51 38 11
1785 4009.379883 11 3 55 10 27 50 56 36 59 0 26 31 17 45 35 21 53 39 8 24 58 32 14 43 49 7 2 1 15 25 33 6 20 29 4 19 16 18 48 34 40 44 23 37 54 57 13 5 30 28 52 12 46 47 41 9 22 42 51 38
1866 4002.003906 11 3 55 10 27 50 56 36 59 0 26 31 17 45 35 21 53 39 8 24 58 32 14 49 43 7 2 1 15 25 33 6 20 29 4 19 16 18 48 34 40 44 23 37 54 57 13 5 30 28 52 12 46 47 41 9 22 42 51 38
2070 3993.340332 11 3 55 10 27 50 56 36 59 0 26 31 17 45 35 21 53 39 8 24 58 32 14 43 49 7 2 1 25 15 33 6 20 29 4 19 16 18 48 34 40 44 23 37 54 57 13 5 30 28 52 12 46 47 41 9 22 42 51 38
2096 3985.964355 11 3 55 10 27 50 56 36 59 0 26 31 17 45 35 21 53 39 8 24 58 32 14 49 43 7 2 1 25 15 33 6 20 29 4 19 16 18 48 34 40 44 23 37 54 57 13 5 30 28 52 12 46 47 41 9 22 42 51 38
2115 3985.805176 11 3 55 10 27 50 56 36 59 0 26 31 17 45 35 21 53 39 8 24 58 32 14 49 43 7 2 1 15 25 16 33 6 20 29 4 19 18 48 34 40 44 23 37 54 57 13 5 30 28 52 12 46 47 41 9 22 42 51 38
2295 3985.347168 11 3 55 10 27 50 56 36 59 0 26 31 17 45 35 21 53 39 8 15 24 58 32 14 49 43 7 2 1 25 33 6 20 29 4 19 16 18 48 34 40 44 23 37 54 57 13 5 30 28 52 12 46 47 41 9 22 42 51 38
2607 3981.662842 3 55 10 27 50 56 36 59 0 26 31 17 45 35 21 53 39 15 8 24 58 32 14 49 43 7 2 1 25 16 33 6 20 29 4 19 18 48 34 40 44 23 37 54 57 13 5 30 28 52 12 46 47 41 9 22 42 51 38 11
2742 3969.148193 3 55 10 27 50 56 36 59 0 26 31 17 45 35 21 53 39 8 15 24 58 32 14 49 43 7 2 1 25 16 33 6 20 29 4 19 18 48 34 40 44 23 37 54 57 13 5 30 28 52 12 46 47 41 9 22 42 51 38 11
2919 3967.952881 3 55 10 27 50 56 36 59 0 26 31 17 45 35 21 53 39 8 15 24 43 58 32 14 49 7 2 1 25 16 33 6 20 29 4 19 18 48 34 40 44 23 37 54 57 13 5 30 28 52 12 46 47 41 9 22 42 51 38 11
3604 3967.952637 35 21 53 39 8 15 24 43 58 32 14 49 7 2 1 25 16 33 6 20 29 4 19 18 48 34 40 44 23 37 54 57 13 5 30 28 52 12 46 47 41 9 22 42 51 38 11 3 55 10 27 50 56 36 59 0 26 31 17 45
fitnesses
15276.1
14532.8
14448.8
14000.3
13512.2
12770.9
12284.5
12226.8
12079.6
12014.4
11506.2
11506.2
11506.2
11451.7
11148.5
11100.3
10799.4
10510.9
10510.9
10332.6
10236.5
10164.7
10069.7
9975.56
9841.09
9290.63
9173.43
9012.55
9012.55
9012.55
9012.55
8805.1
8805.1
8805.1
8805.1
8800.36
8693
8680.13
8666.21
8509.11
8476.05
8463.6
8463.6
8463.6
8262.61
8238.53
8238.53
8236.87
8209.7
8186.98
8098.39
8098.39
7951.74
7951.74
7896.43
7896.43
7896.43
7819.78
7805.32
7805.32
7805.32
7805.32
7805.32
7787.88
7761.48
7761.48
7714.19
7652.88
7652.88
7624.08
7574.7
7542.47
7542.47
7445.51
7445.51
7445.51
7403.92
7403.92
7393.63
7393.63
7348.85
7262.67
7262.67
7036.68
7036.68
7036.68
7036.68
7036.68
7036.68
7036.68
6905.45
6882.99
6882.99
6882.99
6882.99
6696.89
6651.56
6578.28
6578.28
6578.28
6578.28
6578.28
6578.28
6578.28
6484.77
6484.77
6484.77
6484.77
6484.77
6484.77
6422.62
6422.62
6422.62
6421.77
6411.96
6367.49
6367.49
6367.49
6228.23
6228.23
6228.23
6228.23
6228.23
6228.23
6228.23
6228.23
6228.23
6189.28
6189.28
6189.28
6189.28
6189.28
6189.28
6189.28
6189.28
6175.01
6175.01
6124.89
6124.89
6124.89
6124.89
6124.89
6124.89
6124.89
6124.89
6124.89
6124.89
6083.99
6083.99
6083.99
6083.99
6083.99
5959.99
5909.7
5909.7
5896.67
5896.67
5896.67
5896.67
5873.12
5873.12
5873.12
5826.32
5826.32
5826.32
5826.32
5826.32
5750.82
5750.82
5750.82
5750.82
5750.82
5750.82
5750.82
5711.55
5711.55
5711.55
5637.68
5637.68
5637.68
5637.68
5592.47
5592.47
5592.47
5592.47
5592.47
5535.42
5535.42
5535.42
5535.42
5535.42
5535.42
5535.42
5535.42
5535.42
5535.42
5535.42
5535.42
5511.56
5511.56
5511.56
5511.56
5511.56
5511.56
5418.8
5418.8
5418.8
5418.8
5418.8
5418.8
5418.8
5296.76
5296.76
5296.76
5296.76
5296.76
5296.76
5296.76
5296.76
5296.76
5296.76
5293.03
5293.03
5293.03
5293.03
5293.03
5293.03
5293.03
5293.03
5293.03
5293.03
5293.03
5293.03
5293.03
5293.03
5293.03
5293.03
5293.03
5194.09
5194.09
5194.09
5194.09
5194.09
5190.84
5190.84
5190.84
5190.84
5190.84
5190.84
5190.84
5190.84
5190.84
5190.84
5190.84
5190.84
5185.88
5185.88
5185.88
5185.88
5185.88
5177.55
5106.95
5106.95
5106.95
5106.95
5106.95
5106.95
5106.95
5106.95
5100.36
5100.36
5100.36
5100.36
5100.36
5100.36
5100.36
4990.05
4990.05
4990.05
4990.05
4990.05
4990.05
4990.05
4990.05
4990.05
4990.05
4990.05
4990.05
4990.05
4990.05
4990.05
4990.05
4990.05
4906.17
4906.17
4906.17
4906.17
4906.17
4906.17
4906.17
4906.17
4906.17
4906.17
4906.17
4906.17
4906.17
4906.17
4906.17
4906.17
4906.17
4906.17
4906.17
4906.17
4906.17
4906.17
4906.17
4906.17
4906.17
4906.17
4906.17
4906.17
4906.17
4906.17
4906.17
4906.17
4906.17
4906.17
4906.17
4906.17
4906.17
4906.17
4906.17
4847.8
4847.8
4847.8
4847.8
4847.8
4847.8
4840.26
4840.26
4840.26
4840.26
4840.26
4819.26
4819.26
4819.26
4819.26
4819.26
4819.26
4808.39
4808.39
4808.39
4804.13
4804.13
4804.13
4804.13
4804.13
4804.13
4804.13
4804.13
4804.13
4751.57
4751.57
4751.57
4751.57
4751.57
4751.57
4751.57
4751.57
4751.57
4751.57
4751.57
4751.57
4751.57
4751.57
4751.57
4751.57
4751.57
4751.57
4751.57
4751.57
4751.57
4751.57
4751.57
4751.57
4751.57
4751.57
4751.57
4743.85
4743.85
4743.85
4743.85
4743.85
4743.85
4743.85
4743.85
4743.85
4743.85
4743.85
4743.85
4743.85
4671.05
4671.05
4671.05
4671.05
4671.05
4671.05
4671.05
4671.05
4671.05
4671.05
4671.05
4671.05
4671.05
4671.05
4671.05
4671.05
4671.05
4671.05
4671.05
4671.05
4671.05
4671.05
4671.05
4671.05
4671.05
4671.05
4671.05
4671.05
4671.05
4671.05
4671.05
4671.05
4671.05
4671.05
4671.05
4671.05
4671.05
4671.05
4671.05
4661.95
4661.95
4661.95
4661.95
4661.95
4661.95
4661.95
4632.93
4632.93
4632.93
4632.93
4632.93
4632.93
4555.06
4555.06
4555.06
4555.06
4555.06
4555.06
4555.06
4555.06
4555.06
4555.06
4555.06
4555.06
4555.06
4555.06
4555.06
4555.06
4555.06
4555.06
4555.06
4555.06
4555.06
4466.99
4466.99
4466.99
4466.99
4466.99
4466.99
4466.99
4466.99
4466.99
4466.99
4466.99
4466.99
4466.99
4466.99
4466.99
4466.99
4466.99
4466.99
4466.99
4466.99
4466.99
4461.1
4461.1
4461.1
4461.1
4461.1
4461.1
4461.1
4461.1
4461.1
4461.1
4461.1
4461.1
4461.1
4461.1
4428.87
4428.87
4428.87
4371.38
4371.38
4371.38
4371.38
4371.38
4371.38
4371.38
4371.38
4371.38
4371.38
4371.38
4371.38
4371.38
4371.38
4371.38
4371.38
4371.38
4371.38
4371.38
4371.38
4364.37
4364.37
4364.37
4364.37
4364.37
4364.37
4364.37
4364.37
4364.37
4364.37
4364.37
4364.37
4364.37
4364.37
4364.37
4364.37
4364.37
4364.37
4364.37
4364.37
4364.37
4364.37
4364.37
4364.37
4364.37
4364.37
4364.37
4364.37
4364.37
4364.37
4364.37
4364.37
4364.37
4364.37
4364.37
4364.37
4364.37
4364.37
4364.37
4364.37
4364.37
4364.37
4364.37
4342.43
4342.43
4342.43
4342.43
4342.43
4342.43
4342.43
4342.43
4342.43
4342.43
4342.43
4342.43
4342.43
4342.43
4342.43
4342.43
4342.43
4342.43
4342.43
4319.43
4319.43
4319.43
4319.43
4319.43
4319.43
4319.43
4319.43
4319.43
4319.43
4319.43
4319.43
4319.43
4319.43
4319.43
4319.43
4319.43
4319.43
4319.43
4319.43
4319.43
4319.43
4319.43
4319.43
4319.43
4296.28
4296.28
4296.28
4296.28
4296.28
4296.28
4296.28
4296.28
4296.28
4296.28
4294.86
4294.86
4294.86
4294.86
4294.86
4294.86
4294.86
4294.86
4294.86
4294.86
4294.86
4294.86
4294.86
4274.48
4274.48
4274.48
4274.48
4274.48
4274.48
4274.48
4274.48
4274.48
4274.48
4274.48
4274.48
4274.48
4274.48
4274.48
4274.48
4274.48
4274.48
4274.48
4274.48
4274.48
4274.48
4274.48
4274.48
4274.48
4274.48
4274.48
4274.48
4274.48
4274.48
4274.48
4274.48
4274.48
4274.48
4274.48
4274.48
4274.48
4274.48
4274.48
4274.48
4274.48
4274.48
4274.48
4274.48
4274.48
4228.77
4228.77
4228.77
4228.77
4228.77
4228.77
4228.77
4228.77
4228.77
4228.77
4228.77
4228.77
4228.77
4228.77
4228.77
4228.77
4228.77
4228.77
4228.77
4228.77
4228.77
4228.77
4228.77
4228.77
4228.77
4228.77
4228.77
4228.77
4228.77
4228.77
4228.77
4228.77
4228.77
4228.77
4228.77
4228.77
4228.77
4228.77
4215.29
4215.29
4215.29
4215.29
4215.29
4215.29
4215.29
4215.29
4215.29
4215.29
4215.29
4215.29
4215.29
4215.29
4215.29
4215.29
4215.29
4215.29
4215.29
4215.29
4215.29
4215.29
4215.29
4215.29
4215.29
4215.29
4215.29
4215.29
4215.29
4215.29
4215.29
4215.29
4215.29
4215.29
4215.29
4215.29
4215.29
4215.29
4215.29
4215.29
4215.29
4215.29
4215.29
4215.29
4215.29
4215.29
4215.29
4215.29
4209.23
4209.23
4209.23
4209.23
4209.23
4209.23
4209.23
4209.23
4209.23
4209.23
4209.23
4209.23
4209.23
4209.23
4209.23
4209.23
4209.23
4209.23
4209.23
4209.23
4209.23
4209.23
4209.23
4209.23
4209.23
4209.23
4209.23
4209.23
4209.23
4209.23
4209.23
4209.23
4209.23
4209.23
4209.23
4209.23
4209.23
4209.23
4209.23
4209.23
4209.23
4209.23
4209.23
4209.23
4209.23
4209.23
4208.13
4208.13
4208.13
4208.13
4208.13
4208.13
4208.13
4208.13
4208.13
4208.13
4208.13
4208.13
4208.13
4208.13
4208.13
4208.13
4208.13
4208.13
4201.32
4201.32
4188.59
4188.59
4188.59
4188.59
4188.59
4188.59
4188.59
4188.59
4188.59
4188.59
4188.59
4188.59
4188.59
4188.59
4188.59
4188.59
4188.59
4188.59
4188.59
4181.17
4181.17
4181.17
4181.17
4181.17
4181.17
4181.17
4181.17
4181.17
4181.17
4181.17
4181.17
4181.17
4181.17
4181.17
4181.17
4181.17
4181.17
4181.17
4181.17
4181.17
4181.17
4181.17
4181.17
4181.17
4181.17
4181.17
4181.17
4181.17
4181.17
4181.17
4181.17
4181.17
4181.17
4181.17
4181.17
4181.17
4181.17
4181.17
4181.17
4181.17
4181.17
4181.17
4181.17
4181.17
4181.17
4181.17
4181.17
4181.17
4181.17
4181.17
4181.17
4181.17
4181.17
4181.17
4181.17
4181.17
4181.17
4181.17
4181.17
4181.17
4181.17
4181.17
4181.17
4181.17
4181.17
4181.17
4181.17
4181.17
4181.17
4181.17
4181.17
4181.17
4181.17
4181.17
4181.17
4181.17
4181.17
4181.17
4181.17
4181.17
4181.17
4181.17
4181.17
4181.17
4181.17
4181.17
4181.17
4181.17
4181.17
4181.17
4181.17
4181.17
4181.17
4181.17
4181.17
4181.17
4181.17
4181.17
4181.17
4181.17
4181.17
4181.17
4181.17
4181.17
4181.17
4181.17
4181.17
4181.17
4181.17
4181.17
4181.17
4175.1
4175.1
4175.1
4175.1
4175.1
4175.1
4175.1
4175.1
4175.1
4175.1
4175.1
4175.1
4175.1
4175.1
4175.1
4175.1
4175.1
4175.1
4170.83
4170.83
4170.83
4170.83
4170.83
4170.83
4170.83
4170.83
4170.83
4170.83
4170.83
4170.83
4170.83
4170.83
4170.83
4170.83
4170.83
4170.83
4170.83
4170.83
4170.83
4170.83
4170.83
4170.83
4170.83
4170.83
4170.83
4170.83
4170.83
4170.83
4170.83
4170.83
4170.83
4170.83
4170.83
4170.83
4170.83
4170.83
4170.83
4170.83
4170.83
4170.83
4170.83
4170.83
4170.83
4170.83
4170.83
4170.83
4170.83
4170.83
4158.03
4158.03
4158.03
4158.03
4158.03
4158.03
4158.03
4158.03
4158.03
4158.03
4158.03
4158.03
4158.03
4158.03
4158.03
4158.03
4158.03
4158.03
4158.03
4158.03
4158.03
4158.03
4158.03
4158.03
4158.03
4158.03
4158.03
4158.03
4158.03
4158.03
4158.03
4158.03
4158.03
4158.03
4158.03
4158.03
4158.03
4158.03
4158.03
4158.03
4158.03
4158.03
4158.03
4158.03
4158.03
4158.03
4158.03
4158.03
4158.03
4158.03
4158.03
4158.03
4158.03
4158.03
4158.03
4158.03
4158.03
4158.03
4158.03
4158.03
4158.03
4158.03
4158.03
4158.03
4135.21
4135.21
4135.21
4135.21
4135.21
4135.21
4135.21
4135.21
4135.21
4135.21
4135.21
4135.21
4135.21
4135.21
4135.21
4135.21
4135.21
4135.21
4135.21
4135.21
4135.21
4135.21
4135.21
4135.21
4135.21
4135.21
4135.21
4135.21
4135.21
4135.21
4135.21
4135.21
4135.21
4135.21
4135.21
4135.21
4135.21
4135.21
4135.21
4135.21
4135.21
4135.21
4135.21
4135.21
4135.21
4135.21
4135.21
4135.21
4135.21
4135.21
4135.21
4135.21
4135.21
4135.21
4135.21
4135.21
4135.21
4135.21
4135.21
4135.21
4135.21
4135.21
4135.21
4135.21
4135.21
4135.21
4135.21
4135.21
4135.21
4135.21
4135.21
4135.21
4135.21
4135.21
4135.21
4135.21
4135.21
4135.21
4135.21
4135.21
4135.21
4135.21
4135.21
4135.21
4135.21
4118.83
4118.83
4118.83
4118.83
4118.83
4118.83
4118.83
4118.83
4118.83
4118.83
4118.83
4118.83
4118.83
4118.83
4118.83
4118.83
4118.83
4118.83
4118.83
4118.83
4118.83
4118.83
4118.83
4118.83
4118.83
4118.83
4118.83
4118.83
4118.83
4118.83
4118.83
4118.83
4118.83
4118.83
4118.83
4118.83
4118.83
4118.83
4118.83
4118.83
4118.83
4118.83
4118.83
4118.83
4118.83
4118.83
4118.83
4118.83
4118.83
4118.83
4118.83
4118.83
4118.83
4118.83
4114.57
4114.57
4114.57
4114.57
4114.57
4114.57
4114.57
4114.57
4114.57
4114.57
4114.57
4114.57
4114.57
4114.57
4114.57
4114.57
4114.57
4114.57
4114.57
4114.57
4114.57
4114.57
4114.57
4114.57
4114.57
4114.57
4114.57
4114.57
4114.57
4114.57
4114.57
4114.57
4109.73
4109.73
4109.73
4109.73
4109.73
4109.73
4109.73
4109.73
4109.73
4109.73
4109.73
4109.73
4109.73
4109.73
4109.73
4109.73
4109.73
4101.77
4101.77
4101.77
4101.77
4101.77
4101.77
4101.77
4101.77
4101.77
4101.77
4101.77
4101.77
4101.77
4101.77
4101.77
4101.77
4101.77
4101.77
4101.77
4101.77
4101.77
4101.77
4101.77
4101.77
4101.77
4101.77
4101.77
4101.77
4101.77
4101.77
4101.77
4101.77
4101.77
4101.77
4101.77
4101.77
4101.77
4101.77
4101.77
4101.77
4101.77
4101.77
4101.77
4101.77
4101.77
4101.77
4101.77
4101.77
4101.77
4101.77
4101.77
4101.77
4101.77
4101.77
4101.77
4101.77
4101.77
4101.77
4101.77
4101.77
4101.77
4101.77
4101.77
4101.77
4101.77
4101.77
4101.77
4101.77
4101.77
4101.77
4101.77
4101.77
4101.77
4101.77
4101.77
4101.77
4101.77
4101.77
4101.77
4101.77
4101.77
4101.77
4101.77
4101.77
4101.77
4101.77
4101.77
4101.77
4101.77
4101.77
4101.77
4101.77
4101.77
4101.77
4101.77
4101.77
4101.77
4101.77
4101.77
4101.77
4101.77
4101.77
4101.77
4101.77
4101.77
4101.77
4101.77
4101.77
4101.77
4101.77
4101.77
4101.77
4101.77
4096.93
4096.93
4096.93
4096.93
4096.93
4096.93
4096.93
4096.93
4096.93
4096.93
4096.93
4096.93
4096.93
4096.93
4096.93
4096.93
4096.93
4096.93
4096.93
4096.93
4096.93
4096.93
4096.93
4096.93
4096.93
4096.93
4096.93
4096.93
4096.93
4096.93
4096.93
4096.93
4096.93
4096.93
4096.93
4096.93
4096.93
4096.93
4096.93
4096.93
4096.93
4096.93
4096.93
4096.93
4096.93
4096.93
4096.93
4096.93
4096.93
4096.93
4096.93
4096.93
4096.93
4096.93
4096.93
4096.93
4096.93
4096.93
4096.93
4096.93
4096.93
4096.93
4096.93
4096.93
4096.93
4096.93
4096.93
4096.93
4096.93
4096.93
4096.93
4096.93
4096.93
4096.93
4096.93
4096.93
4096.93
4096.93
4096.93
4096.93
4096.93
4096.93
4094.48
4094.48
4094.48
4094.48
4094.48
4094.48
4094.48
4094.48
4094.48
4094.48
4094.48
4094.48
4094.48
4094.48
4094.48
4094.48
4094.48
4094.48
4094.48
4094.48
4094.48
4094.48
4094.48
4094.48
4094.48
4094.48
4094.48
4094.48
4094.48
4094.48
4094.48
4094.48
4094.48
4094.48
4094.48
4094.48
4094.48
4094.48
4094.48
4094.48
4094.48
4094.48
4094.48
4094.48
4094.48
4094.48
4094.48
4090.2
4090.2
4090.2
4090.2
4090.2
4090.2
4090.2
4090.2
4090.2
4090.2
4090.2
4090.2
4090.2
4090.2
4090.2
4090.2
4090.2
4090.2
4090.2
4090.2
4090.2
4090.2
4090.2
4090.2
4090.2
4090.2
4090.2
4090.2
4090.2
4090.2
4090.2
4090.2
4090.2
4081.68
4081.68
4081.68
4081.68
4081.68
4081.68
4081.68
4081.68
4081.68
4081.68
4012.2
4012.2
4012.2
4012.2
4012.2
4012.2
4012.2
4012.2
4012.2
4012.2
4012.2
4012.2
4012.2
4012.2
4012.2
4012.2
4012.2
4012.2
4012.2
4012.2
4012.2
4012.2
4012.2
4012.2
4012.2
4012.2
4012.2
4012.2
4012.2
4012.2
4012.2
4012.2
4012.2
4012.2
4012.2
4012.2
4012.2
4012.2
4012.2
4012.2
4012.2
4012.2
4012.2
4012.2
4012.2
4012.2
4012.2
4012.2
4012.2
4012.2
4012.2
4012.2
4012.2
4012.2
4012.2
4012.2
4012.2
4012.2
4012.2
4012.2
4012.2
4012.2
4012.2
4012.2
4012.2
4012.2
4012.2
4012.2
4012.2
4012.2
4012.2
4012.2
4012.2
4012.2
4012.2
4012.2
4012.2
4012.2
4012.2
4012.2
4012.2
4012.2
4012.2
4012.2
4012.2
4012.2
4012.2
4012.2
4012.2
4012.2
4012.2
4012.2
4012.2
4012.2
4012.2
4012.2
4012.2
4012.2
4012.2
4012.2
4012.2
4012.2
4012.2
4012.2
4012.2
4012.2
4012.2
4012.2
4012.2
4012.2
4012.2
4012.2
4012.2
4012.2
4012.2
4012.2
4012.2
4012.2
4012.2
4012.2
4012.2
4012.2
4012.2
4012.2
4012.2
4012.2
4012.2
4012.2
4012.2
4012.2
4012.2
4012.2
4012.2
4012.2
4012.2
4012.2
4012.2
4012.2
4012.2
4012.2
4012.2
4012.2
4012.2
4012.2
4012.2
4012.2
4012.2
4012.2
4012.2
4012.2
4012.2
4012.2
4012.2
4012.2
4012.2
4012.2
4012.2
4012.2
4012.2
4012.2
4012.2
4012.2
4012.2
4012.2
4012.2
4012.2
4012.2
4012.2
4012.2
4012.2
4012.2
4012.2
4012.2
4012.2
4012.2
4012.2
4012.2
4012.2
4012.2
4012.2
4012.2
4012.2
4012.2
4012.2
4012.2
4012.2
4012.2
4012.2
4012.2
4012.2
4012.2
4012.2
4012.2
4012.2
4012.2
4012.2
4012.2
4012.2
4012.2
4012.2
4012.2
4012.2
4012.2
4012.2
4012.2
4012.2
4012.2
4012.2
4012.2
4009.38
4009.38
4009.38
4009.38
4009.38
4009.38
4009.38
4009.38
4009.38
4009.38
4009.38
4009.38
4009.38
4009.38
4009.38
4009.38
4009.38
4009.38
4009.38
4009.38
4009.38
4009.38
4009.38
4009.38
4009.38
4009.38
4009.38
4009.38
4009.38
4009.38
4009.38
4009.38
4009.38
4009.38
4009.38
4009.38
4009.38
4009.38
4009.38
4009.38
4009.38
4009.38
4009.38
4009.38
4009.38
4009.38
4009.38
4009.38
4009.38
4009.38
4009.38
4009.38
4009.38
4009.38
4009.38
4009.38
4009.38
4009.38
4009.38
4009.38
4009.38
4009.38
4009.38
4009.38
4009.38
4009.38
4009.38
4009.38
4009.38
4009.38
4009.38
4009.38
4009.38
4009.38
4009.38
4009.38
4009.38
4009.38
4009.38
4009.38
4009.38
4002
4002
4002
4002
4002
4002
4002
4002
4002
4002
4002
4002
4002
4002
4002
4002
4002
4002
4002
4002
4002
4002
4002
4002
4002
4002
4002
4002
4002
4002
4002
4002
4002
4002
4002
4002
4002
4002
4002
4002
4002
4002
4002
4002
4002
4002
4002
4002
4002
4002
4002
4002
4002
4002
4002
4002
4002
4002
4002
4002
4002
4002
4002
4002
4002
4002
4002
4002
4002
4002
4002
4002
4002
4002
4002
4002
4002
4002
4002
4002
4002
4002
4002
4002
4002
4002
4002
4002
4002
4002
4002
4002
4002
4002
4002
4002
4002
4002
4002
4002
4002
4002
4002
4002
4002
4002
4002
4002
4002
4002
4002
4002
4002
4002
4002
4002
4002
4002
4002
4002
4002
4002
4002
4002
4002
4002
4002
4002
4002
4002
4002
4002
4002
4002
4002
4002
4002
4002
4002
4002
4002
4002
4002
4002
4002
4002
4002
4002
4002
4002
4002
4002
4002
4002
4002
4002
4002
4002
4002
4002
4002
4002
4002
4002
4002
4002
4002
4002
4002
4002
4002
4002
4002
4002
4002
4002
4002
4002
4002
4002
4002
4002
4002
4002
4002
4002
4002
4002
4002
4002
4002
4002
4002
4002
4002
4002
4002
4002
4002
4002
4002
4002
4002
4002
3993.34
3993.34
3993.34
3993.34
3993.34
3993.34
3993.34
3993.34
3993.34
3993.34
3993.34
3993.34
3993.34
3993.34
3993.34
3993.34
3993.34
3993.34
3993.34
3993.34
3993.34
3993.34
3993.34
3993.34
3993.34
3993.34
3985.96
3985.96
3985.96
3985.96
3985.96
3985.96
3985.96
3985.96
3985.96
3985.96
3985.96
3985.96
3985.96
3985.96
3985.96
3985.96
3985.96
3985.96
3985.96
3985.81
3985.81
3985.81
3985.81
3985.81
3985.81
3985.81
3985.81
3985.81
3985.81
3985.81
3985.81
3985.81
3985.81
3985.81
3985.81
3985.81
3985.81
3985.81
3985.81
3985.81
3985.81
3985.81
3985.81
3985.81
3985.81
3985.81
3985.81
3985.81
3985.81
3985.81
3985.81
3985.81
3985.81
3985.81
3985.81
3985.81
3985.81
3985.81
3985.81
3985.81
3985.81
3985.81
3985.81
3985.81
3985.81
3985.81
3985.81
3985.81
3985.81
3985.81
3985.81
3985.81
3985.81
3985.81
3985.81
3985.81
3985.81
3985.81
3985.81
3985.81
3985.81
3985.81
3985.81
3985.81
3985.81
3985.81
3985.81
3985.81
3985.81
3985.81
3985.81
3985.81
3985.81
3985.81
3985.81
3985.81
3985.81
3985.81
3985.81
3985.81
3985.81
3985.81
3985.81
3985.81
3985.81
3985.81
3985.81
3985.81
3985.81
3985.81
3985.81
3985.81
3985.81
3985.81
3985.81
3985.81
3985.81
3985.81
3985.81
3985.81
3985.81
3985.81
3985.81
3985.81
3985.81
3985.81
3985.81
3985.81
3985.81
3985.81
3985.81
3985.81
3985.81
3985.81
3985.81
3985.81
3985.81
3985.81
3985.81
3985.81
3985.81
3985.81
3985.81
3985.81
3985.81
3985.81
3985.81
3985.81
3985.81
3985.81
3985.81
3985.81
3985.81
3985.81
3985.81
3985.81
3985.81
3985.81
3985.81
3985.81
3985.81
3985.81
3985.81
3985.81
3985.81
3985.81
3985.81
3985.81
3985.81
3985.81
3985.81
3985.81
3985.81
3985.81
3985.81
3985.81
3985.81
3985.81
3985.81
3985.81
3985.81
3985.81
3985.81
3985.81
3985.81
3985.81
3985.81
3985.81
3985.81
3985.81
3985.81
3985.81
3985.81
3985.81
3985.81
3985.81
3985.81
3985.81
3985.81
3985.35
3985.35
3985.35
3985.35
3985.35
3985.35
3985.35
3985.35
3985.35
3985.35
3985.35
3985.35
3985.35
3985.35
3985.35
3985.35
3985.35
3985.35
3985.35
3985.35
3985.35
3985.35
3985.35
3985.35
3985.35
3985.35
3985.35
3985.35
3985.35
3985.35
3985.35
3985.35
3985.35
3985.35
3985.35
3985.35
3985.35
3985.35
3985.35
3985.35
3985.35
3985.35
3985.35
3985.35
3985.35
3985.35
3985.35
3985.35
3985.35
3985.35
3985.35
3985.35
3985.35
3985.35
3985.35
3985.35
3985.35
3985.35
3985.35
3985.35
3985.35
3985.35
3985.35
3985.35
3985.35
3985.35
3985.35
3985.35
3985.35
3985.35
3985.35
3985.35
3985.35
3985.35
3985.35
3985.35
3985.35
3985.35
3985.35
3985.35
3985.35
3985.35
3985.35
3985.35
3985.35
3985.35
3985.35
3985.35
3985.35
3985.35
3985.35
3985.35
3985.35
3985.35
3985.35
3985.35
3985.35
3985.35
3985.35
3985.35
3985.35
3985.35
3985.35
3985.35
3985.35
3985.35
3985.35
3985.35
3985.35
3985.35
3985.35
3985.35
3985.35
3985.35
3985.35
3985.35
3985.35
3985.35
3985.35
3985.35
3985.35
3985.35
3985.35
3985.35
3985.35
3985.35
3985.35
3985.35
3985.35
3985.35
3985.35
3985.35
3985.35
3985.35
3985.35
3985.35
3985.35
3985.35
3985.35
3985.35
3985.35
3985.35
3985.35
3985.35
3985.35
3985.35
3985.35
3985.35
3985.35
3985.35
3985.35
3985.35
3985.35
3985.35
3985.35
3985.35
3985.35
3985.35
3985.35
3985.35
3985.35
3985.35
3985.35
3985.35
3985.35
3985.35
3985.35
3985.35
3985.35
3985.35
3985.35
3985.35
3985.35
3985.35
3985.35
3985.35
3985.35
3985.35
3985.35
3985.35
3985.35
3985.35
3985.35
3985.35
3985.35
3985.35
3985.35
3985.35
3985.35
3985.35
3985.35
3985.35
3985.35
3985.35
3985.35
3985.35
3985.35
3985.35
3985.35
3985.35
3985.35
3985.35
3985.35
3985.35
3985.35
3985.35
3985.35
3985.35
3985.35
3985.35
3985.35
3985.35
3985.35
3985.35
3985.35
3985.35
3985.35
3985.35
3985.35
3985.35
3985.35
3985.35
3985.35
3985.35
3985.35
3985.35
3985.35
3985.35
3985.35
3985.35
3985.35
3985.35
3985.35
3985.35
3985.35
3985.35
3985.35
3985.35
3985.35
3985.35
3985.35
3985.35
3985.35
3985.35
3985.35
3985.35
3985.35
3985.35
3985.35
3985.35
3985.35
3985.35
3985.35
3985.35
3985.35
3985.35
3985.35
3985.35
3985.35
3985.35
3985.35
3985.35
3985.35
3985.35
3985.35
3985.35
3985.35
3985.35
3985.35
3985.35
3985.35
3985.35
3985.35
3985.35
3985.35
3985.35
3985.35
3985.35
3985.35
3985.35
3985.35
3985.35
3985.35
3985.35
3985.35
3985.35
3985.35
3985.35
3985.35
3985.35
3985.35
3985.35
3985.35
3985.35
3985.35
3985.35
3985.35
3985.35
3985.35
3985.35
3985.35
3985.35
3985.35
3985.35
3985.35
3985.35
3985.35
3985.35
3985.35
3985.35
3985.35
3985.35
3981.66
3981.66
3981.66
3981.66
3981.66
3981.66
3981.66
3981.66
3981.66
3981.66
3981.66
3981.66
3981.66
3981.66
3981.66
3981.66
3981.66
3981.66
3981.66
3981.66
3981.66
3981.66
3981.66
3981.66
3981.66
3981.66
3981.66
3981.66
3981.66
3981.66
3981.66
3981.66
3981.66
3981.66
3981.66
3981.66
3981.66
3981.66
3981.66
3981.66
3981.66
3981.66
3981.66
3981.66
3981.66
3981.66
3981.66
3981.66
3981.66
3981.66
3981.66
3981.66
3981.66
3981.66
3981.66
3981.66
3981.66
3981.66
3981.66
3981.66
3981.66
3981.66
3981.66
3981.66
3981.66
3981.66
3981.66
3981.66
3981.66
3981.66
3981.66
3981.66
3981.66
3981.66
3981.66
3981.66
3981.66
3981.66
3981.66
3981.66
3981.66
3981.66
3981.66
3981.66
3981.66
3981.66
3981.66
3981.66
3981.66
3981.66
3981.66
3981.66
3981.66
3981.66
3981.66
3981.66
3981.66
3981.66
3981.66
3981.66
3981.66
3981.66
3981.66
3981.66
3981.66
3981.66
3981.66
3981.66
3981.66
3981.66
3981.66
3981.66
3981.66
3981.66
3981.66
3981.66
3981.66
3981.66
3981.66
3981.66
3981.66
3981.66
3981.66
3981.66
3981.66
3981.66
3981.66
3981.66
3981.66
3981.66
3981.66
3981.66
3981.66
3981.66
3981.66
3969.15
3969.15
3969.15
3969.15
3969.15
3969.15
3969.15
3969.15
3969.15
3969.15
3969.15
3969.15
3969.15
3969.15
3969.15
3969.15
3969.15
3969.15
3969.15
3969.15
3969.15
3969.15
3969.15
3969.15
3969.15
3969.15
3969.15
3969.15
3969.15
3969.15
3969.15
3969.15
3969.15
3969.15
3969.15
3969.15
3969.15
3969.15
3969.15
3969.15
3969.15
3969.15
3969.15
3969.15
3969.15
3969.15
3969.15
3969.15
3969.15
3969.15
3969.15
3969.15
3969.15
3969.15
3969.15
3969.15
3969.15
3969.15
3969.15
3969.15
3969.15
3969.15
3969.15
3969.15
3969.15
3969.15
3969.15
3969.15
3969.15
3969.15
3969.15
3969.15
3969.15
3969.15
3969.15
3969.15
3969.15
3969.15
3969.15
3969.15
3969.15
3969.15
3969.15
3969.15
3969.15
3969.15
3969.15
3969.15
3969.15
3969.15
3969.15
3969.15
3969.15
3969.15
3969.15
3969.15
3969.15
3969.15
3969.15
3969.15
3969.15
3969.15
3969.15
3969.15
3969.15
3969.15
3969.15
3969.15
3969.15
3969.15
3969.15
3969.15
3969.15
3969.15
3969.15
3969.15
3969.15
3969.15
3969.15
3969.15
3969.15
3969.15
3969.15
3969.15
3969.15
3969.15
3969.15
3969.15
3969.15
3969.15
3969.15
3969.15
3969.15
3969.15
3969.15
3969.15
3969.15
3969.15
3969.15
3969.15
3969.15
3969.15
3969.15
3969.15
3969.15
3969.15
3969.15
3969.15
3969.15
3969.15
3969.15
3969.15
3969.15
3969.15
3969.15
3969.15
3969.15
3969.15
3969.15
3969.15
3969.15
3969.15
3969.15
3969.15
3969.15
3969.15
3969.15
3969.15
3969.15
3969.15
3969.15
3969.15
3969.15
3969.15
3969.15
3969.15
3969.15
3967.95
3967.95
3967.95
3967.95
3967.95
3967.95
3967.95
3967.95
3967.95
3967.95
3967.95
3967.95
3967.95
3967.95
3967.95
3967.95
3967.95
3967.95
3967.95
3967.95
3967.95
3967.95
3967.95
3967.95
3967.95
3967.95
3967.95
3967.95
3967.95
3967.95
3967.95
3967.95
3967.95
3967.95
3967.95
3967.95
3967.95
3967.95
3967.95
3967.95
3967.95
3967.95
3967.95
3967.95
3967.95
3967.95
3967.95
3967.95
3967.95
3967.95
3967.95
3967.95
3967.95
3967.95
3967.95
3967.95
3967.95
3967.95
3967.95
3967.95
3967.95
3967.95
3967.95
3967.95
3967.95
3967.95
3967.95
3967.95
3967.95
3967.95
3967.95
3967.95
3967.95
3967.95
3967.95
3967.95
3967.95
3967.95
3967.95
3967.95
3967.95
3967.95
3967.95
3967.95
3967.95
3967.95
3967.95
3967.95
3967.95
3967.95
3967.95
3967.95
3967.95
3967.95
3967.95
3967.95
3967.95
3967.95
3967.95
3967.95
3967.95
3967.95
3967.95
3967.95
3967.95
3967.95
3967.95
3967.95
3967.95
3967.95
3967.95
3967.95
3967.95
3967.95
3967.95
3967.95
3967.95
3967.95
3967.95
3967.95
3967.95
3967.95
3967.95
3967.95
3967.95
3967.95
3967.95
3967.95
3967.95
3967.95
3967.95
3967.95
3967.95
3967.95
3967.95
3967.95
3967.95
3967.95
3967.95
3967.95
3967.95
3967.95
3967.95
3967.95
3967.95
3967.95
3967.95
3967.95
3967.95
3967.95
3967.95
3967.95
3967.95
3967.95
3967.95
3967.95
3967.95
3967.95
3967.95
3967.95
3967.95
3967.95
3967.95
3967.95
3967.95
3967.95
3967.95
3967.95
3967.95
3967.95
3967.95
3967.95
3967.95
3967.95
3967.95
3967.95
3967.95
3967.95
3967.95
3967.95
3967.95
3967.95
3967.95
3967.95
3967.95
3967.95
3967.95
3967.95
3967.95
3967.95
3967.95
3967.95
3967.95
3967.95
3967.95
3967.95
3967.95
3967.95
3967.95
3967.95
3967.95
3967.95
3967.95
3967.95
3967.95
3967.95
3967.95
3967.95
3967.95
3967.95
3967.95
3967.95
3967.95
3967.95
3967.95
3967.95
3967.95
3967.95
3967.95
3967.95
3967.95
3967.95
3967.95
3967.95
3967.95
3967.95
3967.95
3967.95
3967.95
3967.95
3967.95
3967.95
3967.95
3967.95
3967.95
3967.95
3967.95
3967.95
3967.95
3967.95
3967.95
3967.95
3967.95
3967.95
3967.95
3967.95
3967.95
3967.95
3967.95
3967.95
3967.95
3967.95
3967.95
3967.95
3967.95
3967.95
3967.95
3967.95
3967.95
3967.95
3967.95
3967.95
3967.95
3967.95
3967.95
3967.95
3967.95
3967.95
3967.95
3967.95
3967.95
3967.95
3967.95
3967.95
3967.95
3967.95
3967.95
3967.95
3967.95
3967.95
3967.95
3967.95
3967.95
3967.95
3967.95
3967.95
3967.95
3967.95
3967.95
3967.95
3967.95
3967.95
3967.95
3967.95
3967.95
3967.95
3967.95
3967.95
3967.95
3967.95
3967.95
3967.95
3967.95
3967.95
3967.95
3967.95
3967.95
3967.95
3967.95
3967.95
3967.95
3967.95
3967.95
3967.95
3967.95
3967.95
3967.95
3967.95
3967.95
3967.95
3967.95
3967.95
3967.95
3967.95
3967.95
3967.95
3967.95
3967.95
3967.95
3967.95
3967.95
3967.95
3967.95
3967.95
3967.95
3967.95
3967.95
3967.95
3967.95
3967.95
3967.95
3967.95
3967.95
3967.95
3967.95
3967.95
3967.95
3967.95
3967.95
3967.95
3967.95
3967.95
3967.95
3967.95
3967.95
3967.95
3967.95
3967.95
3967.95
3967.95
3967.95
3967.95
3967.95
3967.95
3967.95
3967.95
3967.95
3967.95
3967.95
3967.95
3967.95
3967.95
3967.95
3967.95
3967.95
3967.95
3967.95
3967.95
3967.95
3967.95
3967.95
3967.95
3967.95
3967.95
3967.95
3967.95
3967.95
3967.95
3967.95
3967.95
3967.95
3967.95
3967.95
3967.95
3967.95
3967.95
3967.95
3967.95
3967.95
3967.95
3967.95
3967.95
3967.95
3967.95
3967.95
3967.95
3967.95
3967.95
3967.95
3967.95
3967.95
3967.95
3967.95
3967.95
3967.95
3967.95
3967.95
3967.95
3967.95
3967.95
3967.95
3967.95
3967.95
3967.95
3967.95
3967.95
3967.95
3967.95
3967.95
3967.95
3967.95
3967.95
3967.95
3967.95
3967.95
3967.95
3967.95
3967.95
3967.95
3967.95
3967.95
3967.95
3967.95
3967.95
3967.95
3967.95
3967.95
3967.95
3967.95
3967.95
3967.95
3967.95
3967.95
3967.95
3967.95
3967.95
3967.95
3967.95
3967.95
3967.95
3967.95
3967.95
3967.95
3967.95
3967.95
3967.95
3967.95
3967.95
3967.95
3967.95
3967.95
3967.95
3967.95
3967.95
3967.95
3967.95
3967.95
3967.95
3967.95
3967.95
3967.95
3967.95
3967.95
3967.95
3967.95
3967.95
3967.95
3967.95
3967.95
3967.95
3967.95
3967.95
3967.95
3967.95
3967.95
3967.95
3967.95
3967.95
3967.95
3967.95
3967.95
3967.95
3967.95
3967.95
3967.95
3967.95
3967.95
3967.95
3967.95
3967.95
3967.95
3967.95
3967.95
3967.95
3967.95
3967.95
3967.95
3967.95
3967.95
3967.95
3967.95
3967.95
3967.95
3967.95
3967.95
3967.95
3967.95
3967.95
3967.95
3967.95
3967.95
3967.95
3967.95
3967.95
3967.95
3967.95
3967.95
3967.95
3967.95
3967.95
3967.95
3967.95
3967.95
3967.95
3967.95
3967.95
3967.95
3967.95
3967.95
3967.95
3967.95
3967.95
3967.95
3967.95
3967.95
3967.95
3967.95
3967.95
3967.95
3967.95
3967.95
3967.95
3967.95
3967.95
3967.95
3967.95
3967.95
3967.95
3967.95
3967.95
3967.95
3967.95
3967.95
3967.95
3967.95
3967.95
3967.95
3967.95
3967.95
3967.95
3967.95
3967.95
3967.95
3967.95
3967.95
3967.95
3967.95
3967.95
3967.95
3967.95
3967.95
3967.95
3967.95
3967.95
3967.95
3967.95
3967.95
3967.95
3967.95
3967.95
3967.95
3967.95
3967.95
3967.95
3967.95
3967.95
3967.95
3967.95
3967.95
3967.95
3967.95
3967.95
3967.95
3967.95
3967.95
3967.95
3967.95
3967.95
3967.95
3967.95
3967.95
3967.95
3967.95
3967.95
3967.95
3967.95
3967.95
3967.95
3967.95
3967.95
3967.95
3967.95
3967.95
3967.95
3967.95
3967.95
3967.95
3967.95
3967.95
3967.95
3967.95
3967.95
3967.95
3967.95
3967.95
3967.95
3967.95
3967.95
3967.95
3967.95
3967.95
3967.95
3967.95
3967.95
3967.95
3967.95
3967.95
3967.95
3967.95
3967.95
3967.95
3967.95
3967.95
3967.95
3967.95
3967.95
3967.95
3967.95
3967.95
3967.95
3967.95
3967.95
3967.95
3967.95
3967.95
3967.95
3967.95
3967.95
3967.95
3967.95
3967.95
3967.95
3967.95
3967.95
3967.95
3967.95
3967.95
3967.95
3967.95
3967.95
3967.95
3967.95
3967.95
3967.95
3967.95
3967.95
3967.95
3967.95
3967.95
3967.95
3967.95
3967.95
3967.95
3967.95
3967.95
3967.95
3967.95
3967.95
3967.95
3967.95
3967.95
3967.95
3967.95
3967.95
3967.95
3967.95
3967.95
3967.95
3967.95
3967.95
3967.95
3967.95
3967.95
3967.95
3967.95
3967.95
3967.95
3967.95
3967.95
3967.95
3967.95
3967.95
3967.95
3967.95
3967.95
3967.95
3967.95
3967.95
3967.95
3967.95
3967.95
3967.95
3967.95
3967.95
3967.95
3967.95
3967.95
3967.95
3967.95
3967.95
3967.95
3967.95
3967.95
3967.95
3967.95
3967.95
3967.95
3967.95
3967.95
3967.95
3967.95
3967.95
3967.95
3967.95
3967.95
3967.95
3967.95
3967.95
3967.95
3967.95
3967.95
3967.95
3967.95
3967.95
3967.95
3967.95
3967.95
3967.95
3967.95
3967.95
3967.95
3967.95
3967.95
3967.95
3967.95
3967.95
3967.95
3967.95
3967.95
3967.95
3967.95
3967.95
3967.95
3967.95
3967.95
3967.95
3967.95
3967.95
3967.95
3967.95
3967.95
3967.95
3967.95
3967.95
3967.95
3967.95
3967.95
3967.95
3967.95
3967.95
3967.95
3967.95
3967.95
3967.95
3967.95
3967.95
3967.95
3967.95
3967.95
3967.95
3967.95
3967.95
3967.95
3967.95
3967.95
3967.95
3967.95
3967.95
3967.95
3967.95
3967.95
3967.95
3967.95
3967.95
3967.95
3967.95
3967.95
3967.95
3967.95
3967.95
3967.95
3967.95
3967.95
3967.95
3967.95
3967.95
3967.95
3967.95
3967.95
3967.95
3967.95
3967.95
3967.95
3967.95
3967.95
3967.95
3967.95
3967.95
3967.95
3967.95
3967.95
3967.95
3967.95
3967.95
3967.95
3967.95
3967.95
3967.95
3967.95
3967.95
3967.95
3967.95
3967.95
3967.95
3967.95
3967.95
3967.95
3967.95
3967.95
3967.95
3967.95
3967.95
3967.95
3967.95
3967.95
3967.95
3967.95
3967.95
3967.95
3967.95
3967.95
3967.95
3967.95
3967.95
3967.95
3967.95
3967.95
3967.95
3967.95
3967.95
3967.95
3967.95
3967.95
3967.95
3967.95
3967.95
3967.95
3967.95
3967.95
3967.95
3967.95
3967.95
3967.95
3967.95
3967.95
3967.95
3967.95
3967.95
3967.95
3967.95
3967.95
3967.95
3967.95
3967.95
3967.95
3967.95
3967.95
3967.95
3967.95
3967.95
3967.95
3967.95
3967.95
3967.95
3967.95
3967.95
3967.95
3967.95
3967.95
3967.95
3967.95
3967.95
3967.95
3967.95
3967.95
3967.95
3967.95
3967.95
3967.95
3967.95
3967.95
3967.95
3967.95
3967.95
3967.95
3967.95
3967.95
3967.95
3967.95
3967.95
3967.95
3967.95
3967.95
3967.95
3967.95
3967.95
3967.95
3967.95
3967.95
3967.95
3967.95
3967.95
3967.95
3967.95
3967.95
3967.95
3967.95
3967.95
3967.95
3967.95
3967.95
3967.95
3967.95
3967.95
3967.95
3967.95
3967.95
3967.95
3967.95
3967.95
3967.95
3967.95
3967.95
3967.95
3967.95
3967.95
3967.95
3967.95
3967.95
3967.95
3967.95
3967.95
3967.95
3967.95
3967.95
3967.95
3967.95
3967.95
3967.95
3967.95
3967.95
3967.95
3967.95
3967.95
3967.95
3967.95
3967.95
3967.95
3967.95
3967.95
3967.95
3967.95
3967.95
3967.95
3967.95
3967.95
3967.95
3967.95
3967.95
3967.95
3967.95
3967.95
3967.95
3967.95
3967.95
3967.95
3967.95
3967.95
3967.95
3967.95
3967.95
3967.95
3967.95
3967.95
3967.95
3967.95
3967.95
3967.95
3967.95
3967.95
3967.95
3967.95
3967.95
3967.95
3967.95
3967.95
3967.95
3967.95
3967.95
3967.95
3967.95
3967.95
3967.95
3967.95
3967.95
3967.95
3967.95
3967.95
3967.95
3967.95
3967.95
3967.95
3967.95
3967.95
3967.95
3967.95
3967.95
3967.95
3967.95
3967.95
3967.95
3967.95