points
569 574
71 584
160 221
54 461
247 587
258 478
201 368
116 190
503 299
479 151
134 446
177 90
89 558
405 370
330 287
309 50
311 518
570 174
370 557
132 12
genomes
1 4856.431641 1 5 14 9 3 10 16 8 17 13 11 2 0 15 19 7 6 18 4 12
2 4387.789551 1 5 14 13 3 10 16 8 17 9 11 2 0 15 19 7 6 18 4 12
3 4188.847656 1 5 16 9 8 15 14 3 10 13 0 17 11 19 7 2 6 18 4 12
4 4043.770264 13 10 3 19 11 6 7 2 14 4 16 5 1 12 18 0 17 8 9 15
5 3838.062988 15 11 19 9 14 17 8 13 3 16 0 18 4 5 1 12 10 2 7 6
7 3749.878662 14 17 15 11 19 9 8 13 3 16 0 18 4 5 1 12 10 2 7 6
8 3724.545410 13 10 3 19 11 2 7 6 14 5 16 4 12 1 18 0 17 8 9 15
9 3673.165527 15 11 19 9 17 8 13 3 16 0 18 4 5 1 12 10 14 2 7 6
10 3648.022949 15 11 19 2 7 9 17 8 13 3 16 0 18 4 5 1 12 10 14 6
11 3638.704834 14 17 15 11 19 9 8 13 5 1 12 3 10 18 0 16 4 2 7 6
12 3632.483398 15 11 19 9 17 8 13 3 16 0 18 4 5 1 12 10 7 2 14 6
13 3615.929443 15 11 19 2 3 4 0 18 16 5 1 12 10 14 6 7 9 17 8 13
14 3504.075928 15 11 19 2 3 4 0 18 16 5 1 12 10 6 14 7 9 17 8 13
16 3397.604004 15 11 19 9 17 8 13 6 3 16 0 18 4 5 1 12 10 7 2 14
17 3340.617676 14 2 7 6 15 11 19 9 17 8 13 0 18 5 4 1 12 10 3 16
18 3204.889893 6 2 7 14 15 11 19 9 17 8 13 0 18 5 4 1 12 10 3 16
19 3079.070313 6 2 7 19 15 11 14 9 17 8 13 0 18 5 4 1 12 10 3 16
22 2876.636963 6 2 7 19 15 11 14 9 17 8 13 0 18 16 4 1 12 10 3 5
26 2825.023438 4 1 12 10 3 6 2 7 19 15 11 9 17 8 14 13 0 18 16 5
29 2720.787109 6 2 7 19 15 11 14 9 17 8 13 0 18 16 5 4 12 1 3 10
34 2715.125488 6 2 7 19 15 11 14 9 17 8 13 0 18 16 5 4 1 12 3 10
42 2618.297119 6 2 7 19 11 15 14 9 17 8 13 0 18 16 5 4 12 1 3 10
58 2612.635498 6 2 7 19 11 15 14 9 17 8 13 0 18 16 5 4 1 12 3 10
67 2540.638428 10 6 2 7 19 11 15 9 17 8 14 13 0 18 16 5 4 12 1 3
78 2522.163086 10 6 2 7 11 19 15 9 17 8 14 13 0 18 16 5 4 12 1 3
95 2516.501465 10 6 2 7 11 19 15 9 17 8 14 13 0 18 16 5 4 1 12 3
fitnesses
4856.43
4387.79
4188.85
4043.77
3838.06
3838.06
3749.88
3724.55
3673.17
3648.02
3638.7
3632.48
3615.93
3504.08
3504.08
3397.6
3340.62
3204.89
3079.07
3079.07
3079.07
2876.64
2876.64
2876.64
2876.64
2825.02
2825.02
2825.02
2720.79
2720.79
2720.79
2720.79
2720.79
2715.13
2715.13
2715.13
2715.13
2715.13
2715.13
2715.13
2715.13
2618.3
2618.3
2618.3
2618.3
2618.3
2618.3
2618.3
2618.3
2618.3
2618.3
2618.3
2618.3
2618.3
2618.3
2618.3
2618.3
2612.64
2612.64
2612.64
2612.64
2612.64
2612.64
2612.64
2612.64
2612.64
2540.64
2540.64
2540.64
2540.64
2540.64
2540.64
2540.64
2540.64
2540.64
2540.64
2540.64
2522.16
2522.16
2522.16
2522.16
2522.16
2522.16
2522.16
2522.16
2522.16
2522.16
2522.16
2522.16
2522.16
2522.16
2522.16
2522.16
2522.16
2516.5
2516.5
2516.5
2516.5
2516.5
2516.5